-35.8800000000000
65.0600000000000
-11840
36.2500000000000
22.5100000000000
-86.1300000000000
26.8900000000000
-17130
-23.3600000000000
31.6600000000000
26.1700000000000
11.1900000000000
-96.1600000000000
-34590
-12980
-15370
3344
17.5400000000000
15.3900000000000
-374.500000000000
-21.3100000000000
-8816
29.0900000000000
13.5700000000000
-34430
-34230
-16460
18.4600000000000
-19.5500000000000
-1.49200000000000
-98.7100000000000
37.5100000000000
16.6400000000000
-4345
-37890
21.1500000000000
-2724
-12220
-1.13900000000000
2307
37.8100000000000
-29080
-15050
-5975
-9.33700000000000
-23490
22740
-79450
47.9400000000000
-41.4900000000000
3863
16.1500000000000
26.2200000000000
8.27900000000000
11.1500000000000
35.3700000000000
33
37.9300000000000
-5.84800000000000
-2.42200000000000
8.43900000000000
61.2500000000000
171.600000000000
-88.6200000000000
42.6400000000000
18.0700000000000
-13.4900000000000
-19580
4.91100000000000
-82460
5.51500000000000
17.9300000000000
-4750
30220
18.8700000000000
19.8500000000000
-5249
12
-327.300000000000
-2506
32910
2.17900000000000
47.1900000000000
52.0400000000000
-8330
8628
-20.4200000000000
34.9200000000000
2.71300000000000
-155700
32.1400000000000
-1660
25.4600000000000
1.05400000000000
66.4100000000000
-33180
-18190
-118600
36.8000000000000
5507
2.69700000000000
8.67900000000000
28.2000000000000
40.5500000000000
31.6300000000000
6237
29.4200000000000
37.7400000000000
-405.500000000000
-72470
-87.6600000000000
-431.900000000000
-8866
-301300
-87.3500000000000
-1692
-60.9300000000000
10050
-7058
-54.0300000000000
-87030
27850
6952
-47130
-44090
-8.77700000000000
33.9800000000000
-5.26200000000000
-45.2300000000000
19.1700000000000
64650
16.6700000000000
-2234
-443.800000000000
13.2100000000000
-16560
56910
16.5500000000000
-30650
-102.100000000000
46.9700000000000
1.64900000000000
-22.9900000000000
20.7200000000000
30.6700000000000
-63160
-52180
999.100000000000
-0.288800000000000
-1876
-33.6000000000000
-42330
-31660
25.4600000000000
-120200
3035
39850
-7.56600000000000
-46.4200000000000
11.9600000000000
6.24300000000000
-742.600000000000
-0.972700000000000
-155400
1104
-4.45900000000000
16.1800000000000
-15.8000000000000
18.3800000000000
-26720
43.6000000000000
116.600000000000
61.3000000000000
-17110
-78.3600000000000
18.6100000000000
-12.2900000000000
9.71700000000000
-27.6900000000000
-10670
12.7300000000000
18.7700000000000
41.2600000000000
4.92400000000000
-17050
37.9100000000000
-3.01300000000000
43.0300000000000
-87.1400000000000
14.8300000000000
69.2400000000000
17.6200000000000
-188.800000000000
-228.900000000000
-0.425200000000000
-778.100000000000
-19990
34.3300000000000
814.700000000000
-52750
7.17900000000000
-453.700000000000
5.76200000000000
2.76000000000000
25.7500000000000
-213400
-36.4900000000000
-14.8000000000000
42.5200000000000
-7762
51.4200000000000
45.7000000000000
-39470
-83.2900000000000
13.1100000000000
-43170
32.5600000000000
-11200
-38110
36.9800000000000
14.8500000000000
43.7400000000000
-41.0100000000000
32.2600000000000
75.9500000000000
13.5200000000000
17.2300000000000
8.37200000000000
6886
-52.9100000000000
2854
26.3800000000000
-482200
-119300
-8.39100000000000
-37410
11.4900000000000
34.9300000000000
8840
-5.81900000000000
37.5100000000000
31.5800000000000
-47.6300000000000
28.9500000000000
97.6100000000000
-26990
33.1000000000000
44.9400000000000
3.33800000000000
-30930
-13790
68870
-8233
-13560
42.7200000000000
-7605
29.6600000000000
14.0200000000000
-31450
4.38900000000000
26.4700000000000
-19480
18.0600000000000
-12440
17.1900000000000
26.7500000000000
84.8700000000000
-40570
54.6200000000000
-54.3700000000000
13.6600000000000
-27.1800000000000
-1796
11.0400000000000
84.4500000000000
61.3600000000000
6579
-15600
-53060
-8415
-1502
26.5900000000000
-75.4000000000000
-44.2100000000000
43.7400000000000
-12.9800000000000
121.100000000000
-94.7500000000000
-0.605500000000000
36.4900000000000
-39800
35.7300000000000
1.91800000000000
16.9300000000000
28.7200000000000
1.12200000000000
-14.3100000000000
5.11000000000000
-60940
12.7300000000000
34.9900000000000
-38520
-3.00600000000000
1.47100000000000
-16720
-1.18800000000000
-13210
52.2200000000000
-6.72000000000000
27.3000000000000
26.8100000000000
-118.100000000000
15.2800000000000
-242500
1787000
27.1300000000000
58.2200000000000
-60
39.3100000000000
-217
-49.9600000000000
-34.4600000000000
-13.7100000000000
28.0600000000000
16.6800000000000
56.4300000000000
-2.99700000000000
34.1100000000000
49.8900000000000
40.7600000000000
-47010
2.78000000000000
-46
-51.3300000000000
-3.54800000000000
-26.5200000000000
-130.200000000000
-988600
37.0800000000000
-14.6400000000000
30.9500000000000
44.5400000000000
40.7000000000000
-3.93600000000000
-17.7800000000000
28.5500000000000
40.2700000000000
-3.01700000000000
60.9900000000000
35.5500000000000
-7.51700000000000
65.4200000000000
0.278700000000000
17.8100000000000
39680
35.3600000000000
-127.200000000000
16.3200000000000
35.8200000000000
9.96900000000000
60.0500000000000
63.3600000000000
7.16700000000000
-0.629300000000000
-1.01900000000000
2.47700000000000
29.7600000000000
40.6900000000000
-22800
-10.5000000000000
-2.00300000000000
35.6800000000000
29.1200000000000
15.8500000000000
1.96100000000000
42.0600000000000
-1.67000000000000
49.2300000000000
54.7200000000000
-878200
-33700
64.8900000000000
-16670
8.76300000000000
-25.4200000000000
38.2500000000000
-8.72800000000000
59.6000000000000
50.1400000000000
1.68900000000000
21.6300000000000
-2.08300000000000
38.4600000000000
-23370
1.88200000000000
38.4200000000000
-32980
-45.2700000000000
-0.971300000000000
34.7600000000000
22.0200000000000
-18.2400000000000
-3.06900000000000
31.7400000000000
64.3900000000000
-6.48700000000000
-18.1800000000000
49880
-12.3600000000000
1.64600000000000
35.5500000000000
-53020
6.62300000000000
14.1800000000000
2.37400000000000
-32730
-46330
41.4700000000000
-25280
-5.35100000000000
-3.88000000000000
10.7900000000000
38.3900000000000
-14.6900000000000
-31.7500000000000
40.1500000000000
5198
70.8800000000000
15.3300000000000
-2368
-6.29600000000000
34.5600000000000
15.5700000000000
27.8500000000000
35.0700000000000
-0.218400000000000
8.39200000000000
82.8700000000000
-53640
4.05700000000000
16.2800000000000
28410
-2.35400000000000
32.6000000000000
68.4300000000000
2.50000000000000
39.1400000000000
-4.13800000000000
37.7100000000000
-50.2900000000000
36.6900000000000
0.307400000000000
-3.97500000000000
-103
-25030
-2.21400000000000
27.7000000000000
20.1100000000000
40.3400000000000
34.6300000000000
25.9500000000000
34.2000000000000
3.92400000000000
29.1200000000000
56.8800000000000
4.34600000000000
38.2700000000000
25.5300000000000
-0.862200000000000
36.5700000000000
28.6100000000000
2.95900000000000
-4.59400000000000
31.7900000000000
37.1100000000000
-61710
-45.6400000000000
-12130
56.9700000000000
12.8800000000000
28.2500000000000
1130
71.3500000000000
20.4800000000000
18.8300000000000
16.2200000000000
-99430
21.3000000000000
-357.200000000000
31.5400000000000
-32.0900000000000
57.6000000000000
35.6500000000000
-0.0281900000000000
-67.1000000000000
29.9500000000000
26.1400000000000
18.5600000000000
-159500
14.1100000000000
44.0500000000000
23.1300000000000
-323900
38.4200000000000
31.3400000000000
423.100000000000
23.7500000000000
-23590
14.7800000000000
22.2000000000000
58.3000000000000
23860
35.9300000000000
41.1600000000000
-3934
-8907
-246400
-22.3300000000000
22.4500000000000
53.7600000000000
38.8700000000000
57.8600000000000
30.5100000000000
-15.3200000000000
28.1500000000000
63.2800000000000
20.6600000000000
69.4900000000000
-9702
108.400000000000
-23810
13.5700000000000
16
34.9500000000000
31.6200000000000
35.2400000000000
35.7100000000000
31.7200000000000
20.4000000000000
-1.21000000000000
-72610
-24.2500000000000
-41.2800000000000
53.8300000000000
17.1700000000000
40.8700000000000
-2348
158.700000000000
-2241
-18800
-2.77200000000000
-8.92900000000000
1983
4.02700000000000
40.5600000000000
-39.2400000000000
28.9300000000000
-0.00494300000000000
52.4900000000000
54.2800000000000
-19870
23.2800000000000
37.8500000000000
33.0800000000000
27.2900000000000
9.82100000000000
14.2600000000000
-102100
-29.6400000000000
26.4500000000000
33.8100000000000
-3.70100000000000
-38.8600000000000
44.3100000000000
5.70500000000000
35.6500000000000
-13510
-128400
-45350
18.6200000000000
22.7700000000000
15.1100000000000
27.8800000000000
35.3400000000000
23.6100000000000
-12.1500000000000
22.0300000000000
33.6300000000000
29.2400000000000
43.3100000000000
28290
-0.0211700000000000
85.6300000000000
-24670
-23.7900000000000
28.1800000000000
569
-8.03000000000000
31.8300000000000
21.4600000000000
77230
62.4100000000000
37.4000000000000
60.0200000000000
-3015
76.0200000000000
6.32500000000000
29.2300000000000
65.4600000000000
-7471
1.17900000000000
-3.78500000000000
7.85200000000000
26.5500000000000
33.8600000000000
54.9100000000000
1.06100000000000
-28.2900000000000
24.0300000000000
-7185
33.3900000000000
56.2100000000000
4856
-8.07500000000000
35.5400000000000
-5.62700000000000
33290
22890
-38.7400000000000
8.98700000000000
38.8500000000000
35.1200000000000
64.0600000000000
12.6400000000000
36.9800000000000
261
-17.2300000000000
35.6800000000000
-5.80600000000000
28.7600000000000
42.1000000000000
-9.81400000000000
18.9300000000000
-13.8400000000000
0.494900000000000
41.9600000000000
14.1100000000000
19.5300000000000
12.2000000000000
76.3800000000000
15.8300000000000
9.69100000000000
-32620
-2439
30.9800000000000
28940
149.300000000000
-24650
18.1600000000000
9.45000000000000
-3.79800000000000
13.0700000000000
37.4300000000000
18
71.7400000000000
61.5600000000000
17.7100000000000
-5254
4.77100000000000
28.8300000000000
68.7900000000000
13.9600000000000
524.300000000000
24.0200000000000
-197.500000000000
35.3600000000000
13.4300000000000
14900
-40440
-60060
33.2000000000000
24.7700000000000
-276300
-31590
-30260
-11510
26.2000000000000
276.100000000000
-9850
11.5800000000000
19.6300000000000
10.1700000000000
-13.1500000000000
67.9800000000000
17.2100000000000
34.1300000000000
33.5000000000000
5.24700000000000
36.4800000000000
9.67800000000000
-27.5100000000000
26.6800000000000
14.8500000000000
21540
74.7800000000000
41.4700000000000
67.8100000000000
40.2700000000000
16.8900000000000
31.1500000000000
40.1700000000000
23.5300000000000
23.5100000000000
-3.75100000000000
-14460
28.9100000000000
30.2500000000000
148.200000000000
-0.0116000000000000
9.31800000000000
8.07300000000000
-48170
33.6700000000000
31.6200000000000
81.0900000000000
35.2400000000000
24.9500000000000
-225.300000000000
-10.3800000000000
29.4000000000000
-26350
25.9800000000000
-6.55700000000000
-2157000
30.8900000000000
8.07300000000000
16.4700000000000
-996.300000000000
-1.29600000000000
32.3700000000000
23.8700000000000
36.2600000000000
6.38600000000000
17.5900000000000
43.4600000000000
25.9500000000000
31.9600000000000
8.94100000000000
-29000
64.6400000000000
-28.6100000000000
55.3900000000000
54.9600000000000
123.900000000000
36.5700000000000
14.4700000000000
-39160
4.82500000000000
76.6500000000000
4487
44.8300000000000
-8888
-142300
29.6900000000000
-1.13100000000000
12.8600000000000
27850
-15950
40.0700000000000
-0.0265800000000000
-19030
28.9400000000000
18.9500000000000
-5.88000000000000
151.800000000000
3.55000000000000
47.6400000000000
332500
36.6600000000000
21.4600000000000
5.79400000000000
3369
42.4700000000000
16.2800000000000
41.0600000000000
52.1400000000000
9871
17.6000000000000
57.6200000000000
8.76200000000000
26.0700000000000
51.0900000000000
32.4100000000000
1.48500000000000
11.0400000000000
28.5500000000000
4017
14190
6.77100000000000
333700
356900
50.8800000000000
45.9300000000000
13660
-97.2300000000000
10890
12.3500000000000
55.7400000000000
22.2900000000000
14.3900000000000
20.2100000000000
-44170
319.400000000000
36.6800000000000
-1.99600000000000
-1047
-39.7900000000000
-411.700000000000
52.4000000000000
18.3100000000000
61.3800000000000
78830
5.36700000000000
35.1100000000000
349.700000000000
37.1200000000000
234.800000000000
36.2800000000000
34.9600000000000
33.2400000000000
48.0400000000000
-3651
18.7600000000000
10.0300000000000
97500
17.4000000000000
31.9300000000000
-11.5000000000000
66.1800000000000
27.7700000000000
6.59500000000000
6.11200000000000
6.65300000000000
-51900
16.4300000000000
15.3200000000000
29.2300000000000
-9716
-42300
-20100
27.5400000000000
26.9300000000000
39.4100000000000
-1158
-1.20300000000000
8.02300000000000
4.68300000000000
33.8700000000000
27.7600000000000
-146.300000000000
40.5500000000000
6.12100000000000
3.70100000000000
-4093
-2.03800000000000
105.100000000000
-10.0800000000000
25.8200000000000
36.0500000000000
-131.200000000000
-22330
16100
35.4600000000000
50.0500000000000
25.5500000000000
32.4700000000000
-3.03900000000000
60.3300000000000
18.5700000000000
53.3800000000000
1980
25.6000000000000
-3444
-8.16500000000000
40
56.5400000000000
69.1100000000000
-733.200000000000
-5.61100000000000
-82.1300000000000
7.05100000000000
54.5600000000000
26.7700000000000
14.0300000000000
23.6800000000000
14.3200000000000
-25
1200
-1042
-26640
-200900
56.1300000000000
4.68600000000000
23.1500000000000
14310
39.7300000000000
24.1300000000000
30830
102.200000000000
-62.7300000000000
-40440
12.6400000000000
41.0600000000000
33.6200000000000
16.1600000000000
18.5700000000000
38.5100000000000
37.7000000000000
41.8000000000000
24.8600000000000
33.5100000000000
45.2900000000000
41.9100000000000
16.3400000000000
229.800000000000
-15950
56.7100000000000
39.4500000000000
33.6000000000000
10.5100000000000
30.9600000000000
74.3500000000000
15.2400000000000
30.5100000000000
-84.3800000000000
34.6800000000000
17.3200000000000
26.2300000000000
39.1800000000000
18.3300000000000
8.94300000000000
-36.4500000000000
21.1300000000000
15.9600000000000
4.07900000000000
36.4800000000000
19.7000000000000
-11.5400000000000
-4268
-63140
-3372
5854
-19960
-67.3300000000000
49.7100000000000
2822
26.8400000000000
26.2200000000000
37.1400000000000
32.4600000000000
40.0800000000000
62.5000000000000
3.81200000000000
35.7700000000000
42.1700000000000
-0.288200000000000
34.8700000000000
32.7300000000000
23.6900000000000
31.2900000000000
1359
12.4900000000000
3546
-20080
-32.5400000000000
1220
74530
57.0300000000000
-5560
53.0800000000000
23.7400000000000
-22140
30.2100000000000
-1741
-26870
700.100000000000
-9.36800000000000
-172400
39.7500000000000
20.1100000000000
48.1700000000000
23.1400000000000
4188
1.23000000000000
17.4300000000000
13.3700000000000
-0.0426100000000000
15.6700000000000
-8325
3.12400000000000
32.6800000000000
1.76900000000000
19.2100000000000
3.88900000000000
17220
14.0400000000000
5.15000000000000
-5.44300000000000
41.2600000000000
44.5400000000000
-0.265100000000000
27.3200000000000
-10.3100000000000
-8.77300000000000
43.7000000000000
5291
29.4300000000000
-37.4100000000000
34.6200000000000
22.8600000000000
37
32.9200000000000
44.8700000000000
24.1000000000000
-2.76200000000000
-10.8900000000000
11.8400000000000
-12.9600000000000
-50.8700000000000
-21.7400000000000
-12.4800000000000
247.700000000000
2.21300000000000
-26.2600000000000
-0.0201300000000000
-8.95900000000000
35.7700000000000
-55110
25.9300000000000
-8.85000000000000
39.2300000000000
88.8000000000000
1.40700000000000
49.7800000000000
-9.37600000000000
-4.98300000000000
-0.0232300000000000
26.6500000000000
8.90900000000000
-3.03400000000000
-13.9400000000000
458.900000000000
-18.8300000000000
-5.80600000000000
-18.0900000000000
30.7900000000000
17.6100000000000
-11.7600000000000
-14.7600000000000
25.7800000000000
45.6200000000000
28.4400000000000
13.7200000000000
34.1100000000000
36.7500000000000
11.7300000000000
32170
34.6600000000000
-3.13900000000000
44.8700000000000
15.1100000000000
-6.80600000000000
-3.56300000000000
46.9400000000000
-30.0400000000000
2.22500000000000
26.0100000000000
-35160
23.8800000000000
22.7500000000000
61.3000000000000
37.9400000000000
51.7800000000000
26.8500000000000
16.7800000000000
-13560
-22.2600000000000
36.5900000000000
-1041
-0.00158900000000000
42.0600000000000
20.7200000000000
12030
-19.5100000000000
74.1500000000000
30.5000000000000
38.3400000000000
-51020
22.6400000000000
4.78100000000000
19.8400000000000
10.9900000000000
31.8600000000000
-0.568300000000000
40.3400000000000
35.5800000000000
33.7800000000000
-7014
18.7100000000000
36.4200000000000
-425.600000000000
22.4700000000000
5.60900000000000
47.7100000000000
18.8400000000000
32.5400000000000
25.7800000000000
20.3500000000000
21.8800000000000
-5.59000000000000
-16.5900000000000
-0.224400000000000
27.3100000000000
-3.76500000000000
-0.306800000000000
-4.43200000000000
61320
3.54500000000000
27.0900000000000
12750
-24050
252.900000000000
19.9300000000000
-13.0200000000000
1579
28.2500000000000
18.7600000000000
383.300000000000
27.0300000000000
32.1600000000000
-153
19.1900000000000
57.3100000000000
38.2300000000000
72.2000000000000
144
20.5900000000000
55.8700000000000
33.9500000000000
8.89100000000000
7.18300000000000
55.9200000000000
-59.9000000000000
-11.5200000000000
37.0300000000000
44.5800000000000
28.3300000000000
-10.5500000000000
11530
5920
-3.41800000000000
43.8500000000000
27820
15.7100000000000
27.5700000000000
19.7400000000000
-588.800000000000
-8.60800000000000
20.2400000000000
-15.4800000000000
38.3400000000000
30.0100000000000
-31450
30.6900000000000
44.4200000000000
29.2700000000000
39.1800000000000
-1.74200000000000
1.61300000000000
-2.12500000000000
-5.54600000000000
26.3900000000000
-4.39800000000000
57.7800000000000
-16.1600000000000
-10.1400000000000
-15.4300000000000
-0.0881300000000000
39.6600000000000
56.2800000000000
39.3300000000000
13.6800000000000
61.1200000000000
1016
61.4200000000000
14.3700000000000
-271.500000000000
-46410
-29300
5347
35.3400000000000
54.0800000000000
30.4000000000000
43.8200000000000
5.63300000000000
11280
1473
38.0100000000000
2.58700000000000
1596
32
19.9400000000000
-1963
58.3200000000000
672.500000000000
31.3300000000000
56.2300000000000
35.1400000000000
-87.4700000000000
-6.27900000000000
-8923
51420
2.61300000000000
18.0400000000000
-38.4200000000000
18.6500000000000
16.5500000000000
77.0500000000000
11.1000000000000
26.8800000000000
72.2100000000000
118.700000000000
55.7200000000000
7.41400000000000
5.50500000000000
-27230
28.0900000000000
49.1000000000000
27.3200000000000
27780
-9.45300000000000
43.0700000000000
43.2000000000000
18.6800000000000
-4.49900000000000
32.4600000000000
-46.5100000000000
33.0800000000000
-13.6700000000000
21.8200000000000
-13100
-15.9800000000000
62.1800000000000
34.2000000000000
58.2700000000000
29.3400000000000
9.45500000000000
43.3100000000000
86.4200000000000
-4615
-102700
35.3100000000000
35.6700000000000
58.4900000000000
66.5600000000000
11060
29.7900000000000
228.900000000000
15.3000000000000
-18.4700000000000
18.4900000000000
275
2614
0.737500000000000
3.46200000000000
34.6200000000000
19620
13.9200000000000
146900
11240
34.0400000000000
683.600000000000
-3.20600000000000
-14.0300000000000
33.4500000000000
45.0500000000000
3919
57.6400000000000
-21.9900000000000
13.6200000000000
25.0600000000000
1.39900000000000
-133.800000000000
-24.0200000000000
61.6800000000000
-3039
-169.500000000000
-34010
4.12500000000000
-26660
30.2500000000000
6075
77.5700000000000
-16
-40.5400000000000
-17.0600000000000
9.27400000000000
44.3500000000000
13950
-331.400000000000
36.1500000000000
-14.5900000000000
-2.82800000000000