59.8600000000000
66.8900000000000
-12320
4.79200000000000
171.900000000000
355.500000000000
3.82600000000000
151000
126.900000000000
136.900000000000
27.6900000000000
134.700000000000
157.800000000000
-14750
83380
47880
18860
143
244.500000000000
35.8100000000000
498
112500
141.800000000000
143.100000000000
70730
26770
38350
147
139.400000000000
320
29.1100000000000
137.400000000000
129.400000000000
9529
19120
-33.6000000000000
15400
56220
122.100000000000
8415
122.600000000000
46340
44790
18880
44.2200000000000
42970
-40190
67430
142.400000000000
-16.2400000000000
15520
193.600000000000
29.3700000000000
289.200000000000
144.500000000000
144
115.300000000000
470.100000000000
17.1800000000000
369.500000000000
142.900000000000
139.500000000000
-732.200000000000
-57.0900000000000
81.8500000000000
-3.35800000000000
-49.0100000000000
29620
142.900000000000
61190
159.100000000000
30.2900000000000
-6389
46690
264.300000000000
142.400000000000
13490
134.500000000000
2539
8248
7511
152.300000000000
38.1800000000000
89.9200000000000
31780
68130
140.800000000000
-4.36500000000000
141.700000000000
-2178
141.700000000000
7107
415.800000000000
-9.98400000000000
111.100000000000
75180
11640
85790
128.800000000000
73030
161.600000000000
137.200000000000
139.800000000000
138.100000000000
133.500000000000
28440
144.700000000000
144.300000000000
6555
-101700
221.300000000000
-8416
19810
-192900
-49.4300000000000
-26060
7.38900000000000
-52990
3072
-35.1200000000000
-432600
-63530
-48150
-104000
-67400
14.0300000000000
138.700000000000
-0.680600000000000
-25.3800000000000
-2.23800000000000
-210200
58.3000000000000
-5679
69.7700000000000
135.600000000000
-9859
-69650
-47.8700000000000
-3433
356.300000000000
218.700000000000
10.5400000000000
-14.6900000000000
-68.8200000000000
-91.7800000000000
-12790
-147600
-15900
141.500000000000
-325.400000000000
-94.5500000000000
-96080
-22330
-8.05000000000000
-166200
-5633
585100
104.900000000000
192.700000000000
16.8900000000000
143
-168.400000000000
17.0900000000000
452400
-9995
-7.66900000000000
104.300000000000
14.9800000000000
143.300000000000
-55190
187.200000000000
-44.8300000000000
-37.6500000000000
17710
-78.9400000000000
9.90000000000000
126.300000000000
16.4400000000000
-91.9800000000000
-208700
-60.4200000000000
-13.2600000000000
200.900000000000
164.400000000000
-30080
33.6700000000000
20.3000000000000
174
-56.2900000000000
189.800000000000
143.700000000000
20.3000000000000
-445.100000000000
-167
9.69900000000000
-1059
1902
-15.8600000000000
3758
-110300
4.32300000000000
-479.300000000000
72.0200000000000
12.1200000000000
-28.6700000000000
-266000
211.900000000000
-5.41600000000000
117
453.500000000000
143.200000000000
17.7700000000000
380200
-163.900000000000
194.700000000000
-6458
177.800000000000
-2553
109700
14.4400000000000
157.700000000000
8.83600000000000
203.800000000000
146.100000000000
136.900000000000
199.100000000000
142.200000000000
141.300000000000
-7853
318.100000000000
-14970
64.9700000000000
-301700
-199600
210
69860
-13.2900000000000
146.700000000000
-14380
102.600000000000
66.3900000000000
14
0.0578200000000000
232.700000000000
-296.300000000000
95970
167.800000000000
158.600000000000
4.55000000000000
-4713
-13410
-140800
-2175
-61980
-122.200000000000
-32190
155.300000000000
12.4800000000000
6723
25.7600000000000
0.883000000000000
6403
29.1300000000000
-3365
142.700000000000
169.400000000000
34.1300000000000
-27370
238.700000000000
0.800100000000000
18.1400000000000
-46.5200000000000
-3409
173.800000000000
-167
45.7900000000000
-39810
105100
-143400
-20620
-1796
13.5300000000000
-52.5500000000000
14.2200000000000
87.8100000000000
91.2200000000000
386.200000000000
-928.200000000000
83.6100000000000
147.700000000000
64600
153.900000000000
101.400000000000
60.5500000000000
165.500000000000
99.3500000000000
92.2500000000000
81.9600000000000
-75210
134.600000000000
218
1998
94.4000000000000
86.4800000000000
-68000
15.1300000000000
-3858
9.07100000000000
25.7100000000000
123.800000000000
141.100000000000
-101.200000000000
-31.5000000000000
-164100
939000
186.900000000000
18
-26.5700000000000
149.300000000000
53.8300000000000
-21.6900000000000
52.4300000000000
95.4400000000000
126.500000000000
138.700000000000
111.300000000000
104.800000000000
149
207.500000000000
124.700000000000
96010
94.9400000000000
-48.7700000000000
8.68500000000000
100.100000000000
-23.1000000000000
-136.200000000000
147800
14.6400000000000
13.8600000000000
117.800000000000
144.700000000000
146.200000000000
10.9700000000000
11.4700000000000
101.700000000000
147.500000000000
80.8700000000000
11.0700000000000
145.900000000000
93.4200000000000
154.200000000000
72.6100000000000
100.800000000000
-14500
9.05300000000000
89.9200000000000
134.200000000000
144.100000000000
103.500000000000
10.0300000000000
110.600000000000
127.600000000000
12.9200000000000
10.9500000000000
101.200000000000
125.900000000000
153.900000000000
-13840
15.7900000000000
79.9600000000000
145.500000000000
148.300000000000
94.5200000000000
99.3400000000000
-1.14500000000000
91.4600000000000
95.6500000000000
15.6500000000000
-419600
-23800
3.15300000000000
-56100
104.500000000000
57.2900000000000
128.900000000000
120.100000000000
-1.59100000000000
40.6900000000000
74.7700000000000
131.600000000000
89.9300000000000
131.100000000000
-13100
87.4700000000000
148.900000000000
-30760
-55.5600000000000
63.9500000000000
144.400000000000
112.700000000000
74.2600000000000
73.4000000000000
143.900000000000
155.200000000000
83.3600000000000
75.2500000000000
-100300
12.1400000000000
87.7400000000000
145
-17660
98.2900000000000
-20.0400000000000
66.0300000000000
1030
-26350
39.6400000000000
48080
77.0600000000000
88.2600000000000
91.8600000000000
147.200000000000
91.3900000000000
139.600000000000
148
5792
14.1600000000000
132.100000000000
-17940
11.8900000000000
207.700000000000
211.400000000000
175
115.500000000000
9.94700000000000
18.0900000000000
364.500000000000
-33980
109.500000000000
52.9700000000000
42600
71.7500000000000
112.800000000000
-38.2600000000000
62.5000000000000
135.300000000000
87.2900000000000
-27.1400000000000
-19.8500000000000
135.600000000000
79.8300000000000
11.0500000000000
50.5600000000000
-11230
71.7000000000000
174.500000000000
41.0400000000000
132.800000000000
-173.900000000000
127.500000000000
143.500000000000
85.9100000000000
139.800000000000
168.200000000000
106.500000000000
149.400000000000
131
72.5700000000000
12.6500000000000
140.200000000000
102.700000000000
117.400000000000
169.900000000000
147
-26790
9.48200000000000
74910
144.900000000000
107.600000000000
178.900000000000
1406
5.95400000000000
138.100000000000
6.59500000000000
126.500000000000
-59850
122.900000000000
-16.7100000000000
18.4400000000000
88.1000000000000
136.200000000000
152
74.9600000000000
17800
219.900000000000
119
138.400000000000
-102800
106.300000000000
183.900000000000
16.8800000000000
-174700
141.700000000000
150.400000000000
74.0800000000000
12.9200000000000
-14000
200.500000000000
133.300000000000
71.5300000000000
110100
144.400000000000
147
3049
-53080
-90480
158.200000000000
-79.4100000000000
60.0300000000000
-1.92400000000000
142.200000000000
129.400000000000
95.8800000000000
143.100000000000
-1.80700000000000
-151.100000000000
243.100000000000
-9853
15.7400000000000
7322
52.9600000000000
136.700000000000
80.2700000000000
122.400000000000
152.200000000000
160.100000000000
168.900000000000
187.800000000000
78.5100000000000
-25310
41.7800000000000
96.4800000000000
153.400000000000
-13.5000000000000
9.59300000000000
642.200000000000
95.4000000000000
-4461
-2441
76.6800000000000
102.100000000000
-43820
-61.3500000000000
130.300000000000
110.300000000000
150
74.9900000000000
4.69200000000000
147.300000000000
-4365
19.3400000000000
140
161.300000000000
175.200000000000
25.2400000000000
162.900000000000
98930
169.800000000000
27.2700000000000
159.500000000000
65.3300000000000
110.400000000000
117.200000000000
81.2500000000000
22.4000000000000
-6187
-98360
-9377
135.800000000000
132.500000000000
190.500000000000
167.300000000000
145.900000000000
201.900000000000
64.6400000000000
161.100000000000
160.700000000000
155
-20.0600000000000
-24260
74.9900000000000
247.200000000000
-12370
111.500000000000
165.300000000000
-3871
94.0400000000000
150.300000000000
151.600000000000
-49000
9.37100000000000
182.400000000000
9.99100000000000
21160
-137.600000000000
90.6000000000000
186.300000000000
499.700000000000
-4568
109.500000000000
87.5900000000000
136.700000000000
141.500000000000
140.500000000000
17.1800000000000
73.5700000000000
90.9400000000000
21.1400000000000
18820
196.700000000000
153.700000000000
57080
210.900000000000
127.700000000000
65.3300000000000
61230
39280
100.200000000000
209.400000000000
139.200000000000
25.6800000000000
-24.8500000000000
199.200000000000
145.600000000000
1001
85.3500000000000
169.800000000000
102.400000000000
147.800000000000
-1.28500000000000
111.700000000000
143
-60.2600000000000
77.9300000000000
35.5800000000000
167.800000000000
226
130.100000000000
-123.800000000000
163.900000000000
87.2400000000000
-5472
17660
184.500000000000
24700
274.700000000000
53290
30.8500000000000
-10.3200000000000
141.800000000000
178.100000000000
163.200000000000
168.100000000000
131.400000000000
8.02400000000000
143.300000000000
5274
79.8000000000000
5.69500000000000
18.4900000000000
51.5300000000000
126.400000000000
164.200000000000
713.900000000000
3.06000000000000
10.7400000000000
110000
93730
127300
159.300000000000
148
343700
69590
68320
23890
171.600000000000
240.800000000000
-15540
534.200000000000
146.400000000000
251.800000000000
101.700000000000
264.700000000000
209.500000000000
168.800000000000
145
214.600000000000
161.200000000000
105.600000000000
-96.2500000000000
144.400000000000
212.900000000000
-12940
85.0300000000000
-41.5000000000000
22.2400000000000
144.600000000000
88.4600000000000
159.600000000000
20.8300000000000
145.900000000000
172.300000000000
68.0100000000000
-31100
155.500000000000
162.900000000000
598.700000000000
74.9800000000000
185.900000000000
83.8100000000000
95410
157
164.600000000000
143.200000000000
172.800000000000
187
726.500000000000
62.7300000000000
170.700000000000
9149
153.700000000000
238.700000000000
-5028000
163.400000000000
83.8100000000000
350.100000000000
3062
73.2200000000000
172.700000000000
148.600000000000
183
82.9900000000000
27.2900000000000
20.4100000000000
169
166.500000000000
182.100000000000
77620
109.400000000000
183.100000000000
80.9400000000000
12.6900000000000
403.400000000000
36.9500000000000
-26.4200000000000
13480
139.500000000000
359.800000000000
1431
279
-163
399900
165.900000000000
118.300000000000
183.400000000000
-63050
16950
151
75
-61520
140
171.700000000000
106.700000000000
96.5900000000000
137.600000000000
147.500000000000
-264800
201
187.100000000000
101.800000000000
-31380
40.6200000000000
138.500000000000
54.9400000000000
63.3300000000000
6381
133.400000000000
6
133.700000000000
143.900000000000
164
161.300000000000
83.6800000000000
2.36900000000000
229.200000000000
86310
18750
85.9700000000000
239700
79100
16.4800000000000
137.200000000000
44050
371.300000000000
-46430
98.4000000000000
-18.4000000000000
167.400000000000
200.200000000000
23.4500000000000
-66480
777.400000000000
238
205
131.300000000000
-102.700000000000
673.600000000000
140.200000000000
48.1300000000000
6.98700000000000
-54690
74.3000000000000
-18.7500000000000
510.600000000000
201.600000000000
6.03200000000000
159.600000000000
153.200000000000
158.200000000000
4.00800000000000
140800
189.100000000000
21.5200000000000
119000
191.700000000000
141.600000000000
238.400000000000
-330.300000000000
167.600000000000
67.4200000000000
86.3100000000000
86.3400000000000
15000
167.700000000000
164.500000000000
160.300000000000
242200
97430
71130
169
132.300000000000
198.200000000000
1670
143.700000000000
210.700000000000
92.7600000000000
216.400000000000
24.0100000000000
529.300000000000
152.900000000000
157.400000000000
83.5900000000000
11470
175.500000000000
44.0800000000000
168
173
182.200000000000
820.900000000000
-29080
48090
418.200000000000
32.5800000000000
333.300000000000
183.500000000000
104.700000000000
7.59900000000000
143.200000000000
38.9400000000000
15490
146
9687
221
0.0814100000000000
-7.01900000000000
398.500000000000
850.500000000000
226.100000000000
434.800000000000
181.600000000000
-79.7300000000000
196.200000000000
154.700000000000
134.200000000000
33.5300000000000
239.800000000000
809100
7671
-32500
635400
12280
198
393.800000000000
55700
22.3600000000000
7.39000000000000
330800
-24.1500000000000
-63.5700000000000
81890
156.700000000000
13.9200000000000
186.900000000000
69.5000000000000
77.9400000000000
14.5400000000000
146.800000000000
590
160.200000000000
182.300000000000
172.600000000000
131.800000000000
204.700000000000
2326
56500
81.4300000000000
166.700000000000
181.400000000000
207.500000000000
179.800000000000
21.0600000000000
216
173.500000000000
1571
219.200000000000
100.600000000000
161
42.5900000000000
181.400000000000
290
-70.7600000000000
143.200000000000
158.300000000000
201.400000000000
173.600000000000
138.800000000000
219.900000000000
16200
115300
134900
37280
-33000
93.7200000000000
77.4200000000000
6279
151
248.300000000000
210.100000000000
152.700000000000
148.600000000000
65.4200000000000
139.600000000000
174.200000000000
147.200000000000
74.9200000000000
35.1400000000000
243.100000000000
181.100000000000
147.300000000000
2305
-7.48300000000000
6851
-51500
27.5100000000000
3783
375500
11.2700000000000
4439
137.800000000000
164.100000000000
88580
145.800000000000
32770
-78000
-7359
64.9800000000000
281300
147.500000000000
214.500000000000
140.300000000000
128
3239
70.7500000000000
-126.900000000000
106.400000000000
74.9600000000000
95.7100000000000
-1049
191.100000000000
140.100000000000
-368.900000000000
187.900000000000
85.8700000000000
20720
72.8600000000000
81
90.4700000000000
148.400000000000
217.700000000000
142.400000000000
162
153.800000000000
151.500000000000
12.3400000000000
-19620
189.500000000000
281.600000000000
164.100000000000
209.300000000000
172.400000000000
141.700000000000
179.200000000000
145.900000000000
178.900000000000
0.444800000000000
-36.3300000000000
155.500000000000
228.900000000000
168.200000000000
154.200000000000
-7.90100000000000
143
174
142
165.100000000000
218.900000000000
-18970
155.800000000000
162.800000000000
271.100000000000
260.700000000000
75.3900000000000
139.100000000000
167.700000000000
155.200000000000
75.0100000000000
52.8000000000000
71.0400000000000
88.1300000000000
164.600000000000
-75.3700000000000
170.600000000000
148.700000000000
160.700000000000
168.800000000000
48.6200000000000
97.6100000000000
163.700000000000
177.800000000000
9.57500000000000
146.700000000000
82.0200000000000
155.800000000000
63.2200000000000
75.3300000000000
396700
142.400000000000
86.9800000000000
85.7300000000000
190.500000000000
88.0800000000000
-44.4900000000000
146.100000000000
-3450
87.5000000000000
21.7300000000000
69070
176.800000000000
149.100000000000
134.800000000000
194.100000000000
17.7300000000000
145.200000000000
141.600000000000
22590
174.800000000000
145.700000000000
5352
75.0100000000000
183.900000000000
172
85410
99.4400000000000
51.3400000000000
154.600000000000
183.700000000000
9029
157.800000000000
-29.0300000000000
143.300000000000
92.1900000000000
279.100000000000
10.1800000000000
160
178.900000000000
-34.8200000000000
-52610
173.300000000000
179
-509.900000000000
145.900000000000
12.5800000000000
76.7300000000000
8.54100000000000
-22.4300000000000
25.7000000000000
173
-2.32600000000000
119.100000000000
250
144.200000000000
151.900000000000
159.500000000000
162.600000000000
153.400000000000
-106500
66.0100000000000
11.9600000000000
-30480
-8198
712.100000000000
-8.06100000000000
167.400000000000
-1196
160
-43.3900000000000
55.0600000000000
-159.900000000000
143.800000000000
-1394
159.700000000000
122.700000000000
100.100000000000
14.7100000000000
448.700000000000
143.700000000000
52.9200000000000
157.600000000000
90.8900000000000
74.5500000000000
-65.9300000000000
-2.15400000000000
91.3800000000000
146.100000000000
11.4600000000000
69.1300000000000
91.0500000000000
-29750
42710
145
178.900000000000
49430
-24.4400000000000
-23.1800000000000
11.1700000000000
-2225
160.800000000000
11.0900000000000
163.100000000000
151.100000000000
150
-102000
16.2300000000000
155
0.296500000000000
142.400000000000
143.900000000000
162.200000000000
161.300000000000
146.100000000000
141.200000000000
144.900000000000
58.7300000000000
160.800000000000
152
157.900000000000
142.800000000000
32.0800000000000
295.400000000000
83.7300000000000
69.7500000000000
45.4000000000000
11720
104.500000000000
139.100000000000
-1573
-52740
4945
16810
150.300000000000
355.400000000000
152
8.97500000000000
111.200000000000
15420
8607
28.3500000000000
100.500000000000
9866
126.400000000000
29.4500000000000
15520
13.7700000000000
-2196
1.72400000000000
19.0900000000000
154.100000000000
91.2400000000000
83.1500000000000
-48820
72810
155.300000000000
143.300000000000
199.300000000000
143.300000000000
-52.7500000000000
59.0800000000000
40.2800000000000
155.400000000000
66.5600000000000
152
144.300000000000
100.700000000000
228.700000000000
-47800
163.400000000000
113.400000000000
157.900000000000
-32000
-391
265.800000000000
-25.3400000000000
157.100000000000
156.400000000000
152.700000000000
104.800000000000
19.3200000000000
153.500000000000
-37.7800000000000
3026
159.300000000000
87.4600000000000
326.100000000000
140.700000000000
163.800000000000
141.600000000000
188.200000000000
373.600000000000
-4858
-47620
140.600000000000
146.400000000000
19.8500000000000
333.100000000000
-11380
150.200000000000
-1972
148.200000000000
163.400000000000
30.7800000000000
277.100000000000
6483
-64.2500000000000
141.200000000000
164.100000000000
39490
40.3100000000000
-146900
16090
33.4800000000000
1603
154.900000000000
149.900000000000
50.0200000000000
88.5500000000000
4139
26.5600000000000
180.700000000000
95.9700000000000
32.0400000000000
153.500000000000
124.800000000000
142.300000000000
12.0400000000000
-3704
108.400000000000
106300
-153
135700
151
7114
457.900000000000
270.400000000000
192.600000000000
161.100000000000
135
162.100000000000
45750
447.800000000000
27.4500000000000
444.400000000000
186.800000000000