30.1700000000000
20.7900000000000
12670
16.6700000000000
53.6000000000000
42.3500000000000
13.5400000000000
84950
23.6700000000000
38.2300000000000
29.7900000000000
45.8100000000000
82.0300000000000
27990
-22690
65740
16980
34.1100000000000
67.6700000000000
473.400000000000
113.100000000000
56400
44.4600000000000
20.9700000000000
1681
-7664
-1264
58.5200000000000
-23.2800000000000
81.9400000000000
59.1500000000000
52.9900000000000
28.4700000000000
-28680
-25700
7.61700000000000
3473
1201
-4.61600000000000
-5306
12.2500000000000
-43850
771.600000000000
-1161
65.3700000000000
-10970
-134.200000000000
-47680
-3.04200000000000
-2.90200000000000
-6298
168.900000000000
-6.45800000000000
77.5300000000000
24.6600000000000
47.2100000000000
-1.01300000000000
-34.4700000000000
3.99400000000000
92.7800000000000
20.8600000000000
62.3000000000000
-343.300000000000
80.9900000000000
18.7400000000000
34.5000000000000
-20.2500000000000
2379
21.2500000000000
-34790
15.4900000000000
23.8600000000000
36730
42080
-62.6400000000000
18.4100000000000
-585.500000000000
40.4800000000000
-3436
-11550
12150
7.16800000000000
25.7500000000000
-23.6700000000000
-1420
71560
-12.1800000000000
17.2200000000000
-1.30600000000000
16230
44.2200000000000
54070
177.300000000000
4.65300000000000
-15.7500000000000
-646.300000000000
-13530
-46880
16.3400000000000
50790
24.5400000000000
78.5100000000000
82.8500000000000
44.1500000000000
19.5500000000000
-12060
53.7600000000000
-20.2900000000000
3088
38270
-51.2500000000000
-5767
183.800000000000
115600
49.8400000000000
-14070
16.5200000000000
-22040
80.1300000000000
-6.04300000000000
231100
-71630
-7673
30460
20820
3.22200000000000
28.6500000000000
2.16100000000000
-9.04400000000000
25.3500000000000
314200
39.7000000000000
-5718
-567.300000000000
44.3500000000000
13790
5448
-16.0200000000000
-22710
32.6900000000000
18.6600000000000
3.50300000000000
3.18900000000000
8.32400000000000
-42.9000000000000
-9082
82930
-15150
24.9700000000000
-619.400000000000
-9.35300000000000
3342
6091
12.9800000000000
71960
-2081
273300
49.5900000000000
-34.1200000000000
-13.2200000000000
0.857300000000000
466.100000000000
10.6100000000000
-21640
-11750
2.84400000000000
-3.58800000000000
0.811200000000000
21.8600000000000
17050
50.1400000000000
33.4300000000000
47.9100000000000
-11640
81.9500000000000
-10.3300000000000
25.8200000000000
-9.40200000000000
87.0800000000000
36780
-107.800000000000
9.39500000000000
68.3700000000000
18.5900000000000
-2568
61.2900000000000
7.05200000000000
36.6600000000000
40.6000000000000
14.5500000000000
63.5100000000000
-3.84400000000000
-237.700000000000
66.4700000000000
4.87000000000000
-40.4500000000000
-12700
-34.2700000000000
942.400000000000
36080
22.9200000000000
-66.4600000000000
17.8500000000000
3.65400000000000
13.6600000000000
70340
-14.1600000000000
2.43700000000000
-0.916300000000000
-11900
-0.384500000000000
19.1500000000000
141600
-93.1400000000000
15.1300000000000
-30750
10.5100000000000
-12860
-3183
29.2400000000000
16.9000000000000
29.4800000000000
-53.1700000000000
19.6200000000000
72.6500000000000
33.3800000000000
40.7900000000000
41.9900000000000
6578
61.7000000000000
8877
37.8100000000000
-54000
40210
-7.33600000000000
2269
25.0900000000000
16.0900000000000
9417
28.5600000000000
30.4000000000000
-96.6400000000000
-15.3700000000000
3.35600000000000
-58.1900000000000
-5167
26.7500000000000
28.6000000000000
10.3400000000000
-12580
11350
-72780
-13270
-80620
38.0300000000000
2646
51.6700000000000
10.1700000000000
-9212
-0.567100000000000
0.763100000000000
-21890
-8.52900000000000
-13290
40.5200000000000
13.5000000000000
-109.100000000000
8761
50.3500000000000
21.0800000000000
-2.21200000000000
1.41100000000000
-5176
18.0300000000000
-46.0300000000000
14.5300000000000
-5494
89490
10970
-24210
1097
9.43800000000000
43.2300000000000
3.35300000000000
25.4800000000000
15.1300000000000
199.900000000000
103.300000000000
15.0600000000000
16.2700000000000
-88180
20.8300000000000
2.61500000000000
20.1000000000000
5.28400000000000
46.2500000000000
40.6100000000000
11.0100000000000
41060
33.2300000000000
49.4000000000000
-16420
13.0500000000000
16.6300000000000
-76720
-5.33300000000000
-5191
19.4600000000000
22.5200000000000
31.4700000000000
26.7600000000000
127.600000000000
3.30200000000000
136900
1613000
11.1300000000000
22.9100000000000
36.4300000000000
5.37200000000000
60.3500000000000
-47.5900000000000
27.5200000000000
45.2400000000000
33.5500000000000
27.5300000000000
24.9900000000000
11.3100000000000
9.56800000000000
59.9400000000000
-0.0346100000000000
-40490
33.6300000000000
-3.30100000000000
1.64700000000000
8.82100000000000
-0.567800000000000
124.100000000000
-912900
-3.31800000000000
1.56500000000000
18.5000000000000
32
13.0300000000000
3.64300000000000
-5.89000000000000
23.4400000000000
6.68100000000000
14.3600000000000
25.2200000000000
18.3200000000000
14.1600000000000
6.32400000000000
14.1000000000000
-17.2800000000000
92590
51.5000000000000
-93.7000000000000
31.7800000000000
32.1900000000000
22.4700000000000
25.0200000000000
21
34.9100000000000
5.37700000000000
4.85900000000000
4.46700000000000
-11.5100000000000
23.5800000000000
19180
2.51700000000000
-11.2800000000000
22.2900000000000
25.2800000000000
-15.7800000000000
21.1300000000000
53.2800000000000
15.6200000000000
24.4200000000000
17.5300000000000
-344000
50510
25.7600000000000
-32190
18.6400000000000
43.3300000000000
28.6600000000000
42.8500000000000
27.0800000000000
35.6200000000000
14.2200000000000
32.9700000000000
25.8300000000000
22.1600000000000
17830
25.7700000000000
38.5700000000000
34830
29.5700000000000
-1.45900000000000
25.2900000000000
29.7600000000000
31.0700000000000
15.7300000000000
16.0400000000000
4.75100000000000
15.5300000000000
60.0100000000000
-51670
1.81800000000000
17.5400000000000
37.1600000000000
34370
20.5100000000000
12.3700000000000
-21.0100000000000
11230
41920
21.6200000000000
-20570
10.4400000000000
15.2100000000000
58.1800000000000
12.6000000000000
15.3200000000000
12.7100000000000
2.66500000000000
-6730
15.3700000000000
14.7600000000000
-11530
3.20400000000000
33.5000000000000
10.8700000000000
26.3000000000000
-6.33300000000000
4.92600000000000
5.21100000000000
212.700000000000
35730
6.19100000000000
11.6400000000000
51520
-11.0900000000000
20.3600000000000
26.9900000000000
22.5000000000000
-7.43300000000000
15.0400000000000
21.3600000000000
20.3700000000000
20.4700000000000
15.7300000000000
3.90000000000000
26.4600000000000
27390
15.1800000000000
12.8700000000000
63.5900000000000
10.7700000000000
-32.9800000000000
32.6400000000000
32.3100000000000
23.2600000000000
13.9000000000000
-1.96400000000000
18.0200000000000
32.3900000000000
24.4000000000000
15.9800000000000
43.2700000000000
21.9500000000000
15.4800000000000
44.7300000000000
13.6400000000000
15.5000000000000
45340
20.7300000000000
41050
3.08400000000000
23.8400000000000
18.6300000000000
1707
19.8700000000000
28.0500000000000
0.384200000000000
25.5200000000000
85190
34.3500000000000
60.8300000000000
32.1000000000000
0.657500000000000
3.19700000000000
26.3000000000000
15
17090
23.3200000000000
25.0500000000000
29.2400000000000
210000
-31.1700000000000
48.6300000000000
4.50600000000000
109200
38.6700000000000
14.4300000000000
113.200000000000
14.5800000000000
36570
12.4100000000000
17.9300000000000
-8.12000000000000
95900
24.6800000000000
15.8900000000000
-7280
47230
212500
-12.1000000000000
7.30200000000000
9.93300000000000
-3.34400000000000
9.39300000000000
31.2800000000000
18.7000000000000
23.5100000000000
5.59900000000000
-325.100000000000
-13.9600000000000
20490
41.6000000000000
-7434
-12.2000000000000
9.82400000000000
-18.7600000000000
32.3800000000000
21.0800000000000
12.1600000000000
34.8000000000000
13.1200000000000
15.4400000000000
36290
13.8200000000000
17
-6.20300000000000
9.48400000000000
46.7100000000000
4860
-153.100000000000
-7100
3389
12.9200000000000
17.2600000000000
-65050
-15.0600000000000
30.6600000000000
24.6500000000000
22.6200000000000
15
40.9400000000000
36.8800000000000
3451
3.61500000000000
27.1900000000000
12.5200000000000
17.1600000000000
4.56100000000000
1.51900000000000
-27920
-25.6700000000000
-9.27400000000000
26.4000000000000
0.587500000000000
25.2800000000000
-2.35200000000000
9.52700000000000
15.9700000000000
24780
10240
29890
23.6500000000000
32.4400000000000
14.1600000000000
10.9600000000000
27.1000000000000
9.33600000000000
8.18600000000000
-0.734800000000000
31.2300000000000
14.6900000000000
45.7200000000000
68540
15.0200000000000
61.9400000000000
31830
-14.3600000000000
13.4100000000000
6151
16.2400000000000
14.4900000000000
29.0600000000000
-336400
-3.58800000000000
50.4500000000000
24.9900000000000
19130
55.6100000000000
15.0100000000000
10.2600000000000
281.500000000000
-10350
8.61700000000000
24.7900000000000
-20.2200000000000
36.6800000000000
16.3000000000000
33.2700000000000
25.8000000000000
20.9300000000000
6.93800000000000
-10180
-24.0600000000000
1.51300000000000
-61730
228.400000000000
12.0500000000000
2.23900000000000
54630
29290
28.8800000000000
-5.98600000000000
26.1200000000000
23.3000000000000
-102
14.8300000000000
-14.2500000000000
-84.6900000000000
-15.1700000000000
32.7600000000000
12.9100000000000
15.3000000000000
18.8400000000000
27.8700000000000
29.2500000000000
136.500000000000
16.4800000000000
32.4300000000000
30.3300000000000
-31.0300000000000
59.8500000000000
55.2200000000000
18.4200000000000
2.29800000000000
54050
28370
9.83400000000000
6480
-51.1700000000000
-2244
9.98200000000000
30.2200000000000
26.1100000000000
16.7400000000000
10.3000000000000
7.40500000000000
103.800000000000
26
21.8300000000000
30520
12.9900000000000
13.1700000000000
28.5300000000000
-10.3800000000000
1117
30.5100000000000
-230.300000000000
17.1900000000000
4.86600000000000
-63650
-889.500000000000
1103
34.3900000000000
9.05800000000000
-14700
-2046
-29870
-10.6200000000000
19.5300000000000
-28.9600000000000
911.600000000000
177.300000000000
8.01800000000000
37.7000000000000
25.0300000000000
19.7800000000000
27.4700000000000
20.4700000000000
31.0300000000000
14.0900000000000
38.5500000000000
-14.8300000000000
-421.300000000000
31.4400000000000
29.9300000000000
46590
17.6900000000000
-26.4200000000000
14.2400000000000
32.8400000000000
58.6200000000000
34.6100000000000
26.2500000000000
25.3300000000000
-5.16500000000000
14.8300000000000
-246.200000000000
28.4800000000000
-26.1400000000000
305.700000000000
15.0100000000000
0.632300000000000
16.7700000000000
2507
29.7100000000000
37.2200000000000
31.8800000000000
42.3500000000000
50.2000000000000
89.5900000000000
16.3700000000000
44
-2638
15.8600000000000
15.8000000000000
267800
12.8100000000000
16.7700000000000
-57.0200000000000
2449
14.4600000000000
8.99800000000000
18.8300000000000
41.5100000000000
14.5600000000000
27.3100000000000
3.08200000000000
8.79900000000000
32.0500000000000
16.8300000000000
-2670
-42.5300000000000
29.9400000000000
14.0600000000000
110.800000000000
219.800000000000
78.1700000000000
6.36200000000000
-8388
1.84300000000000
100.300000000000
9391
28.1500000000000
34720
-156300
35.7400000000000
31.2100000000000
-6.31700000000000
-10880
47180
11.6000000000000
15
80160
36.9300000000000
16.0600000000000
20.9500000000000
25.7100000000000
21.9700000000000
9.24900000000000
-271100
96.8500000000000
36.1500000000000
7.24300000000000
16480
32.7600000000000
20.6200000000000
19.2600000000000
10.3400000000000
18850
3.68200000000000
26.5700000000000
6.76600000000000
29.9200000000000
-90.7500000000000
16.1900000000000
18.5800000000000
44.5800000000000
42.2300000000000
47180
29430
11.7900000000000
165300
463600
58.3700000000000
-9.04000000000000
935.600000000000
-112
-26700
10.2500000000000
-11.0200000000000
15.1000000000000
13.1000000000000
28.2300000000000
24520
302.900000000000
37.3500000000000
37.0400000000000
-398
54.7500000000000
88.0200000000000
34.8200000000000
28.5300000000000
25.0700000000000
-3932
25.0300000000000
48.8800000000000
136.700000000000
65.3600000000000
-123.600000000000
24.2600000000000
13.0400000000000
12.7700000000000
60.8900000000000
82030
5.28100000000000
27.3400000000000
76330
14.0700000000000
21.9500000000000
-14.6300000000000
84.0200000000000
40.1500000000000
18.5300000000000
89.0900000000000
60.7700000000000
31500
0.480600000000000
18.3900000000000
-27.8700000000000
12160
603.700000000000
115000
-26.9900000000000
14.3500000000000
23.1400000000000
3927
22.0800000000000
46.3000000000000
26.1300000000000
73.5100000000000
15.1800000000000
-99.4200000000000
35.8000000000000
-0.618500000000000
40.6300000000000
41990
22.4300000000000
285
26.5600000000000
13.0800000000000
52.5500000000000
-189.100000000000
16620
14810
142.400000000000
106.300000000000
152.600000000000
44.6700000000000
21.6600000000000
25.3700000000000
21.8200000000000
-2.46000000000000
-2144
10.8600000000000
-1964
-1.35000000000000
-97.5900000000000
28.6600000000000
60.1500000000000
-2948
4.90800000000000
-111.900000000000
-9.55700000000000
36.3400000000000
40.9100000000000
21.1500000000000
16.5700000000000
78.4400000000000
9.59400000000000
513600
6200
7951
252800
12200
43.0200000000000
150.200000000000
26660
6.43100000000000
27.7500000000000
77370
36.4900000000000
69.4000000000000
3996
-10.3000000000000
-12.7300000000000
38.5600000000000
30.8800000000000
34.7400000000000
-9.71600000000000
23.8000000000000
402.200000000000
25.9300000000000
41.1200000000000
69.0200000000000
4.74100000000000
11.7100000000000
1267
-3307
11.5700000000000
43.7800000000000
38.8500000000000
-60.0300000000000
34.5200000000000
27.8300000000000
-21.8500000000000
37.9900000000000
-594.200000000000
45.8900000000000
1.62400000000000
35.9300000000000
18.5200000000000
39.5700000000000
123.300000000000
-7.61300000000000
28.3600000000000
8.54900000000000
39.6700000000000
45.4000000000000
22.4100000000000
-34.5900000000000
-1113
-3300
77290
-7638
75960
-22.5200000000000
1.29600000000000
2702
9.80300000000000
59.7100000000000
58.3700000000000
31.3500000000000
11.9300000000000
24.7900000000000
65.3200000000000
40.2300000000000
15.1400000000000
15
31.4100000000000
25.2000000000000
13
18.8700000000000
5181
13.0600000000000
5507
7258
-6.14600000000000
5037
-104800
32.2100000000000
18750
3.76000000000000
41.6300000000000
-37720
26.4600000000000
24210
6415
4636
49.1200000000000
10570
17.7200000000000
57.6300000000000
45.4500000000000
7.83000000000000
2526
20.0400000000000
-150.100000000000
2.98600000000000
15.0100000000000
8.32600000000000
6700
-9.68600000000000
33.5600000000000
-442.900000000000
13.2700000000000
12.4600000000000
12790
9.45400000000000
78.5400000000000
13.0600000000000
25.1000000000000
61.0400000000000
25.0500000000000
14.6800000000000
26.9100000000000
26.4600000000000
-6.10100000000000
-30430
25.5800000000000
18.9700000000000
19.1400000000000
49.6300000000000
22.0600000000000
37.4100000000000
41.4300000000000
25.4700000000000
-17.3500000000000
2.93700000000000
-6.98700000000000
27.3200000000000
30.1500000000000
29.1100000000000
27.3200000000000
74.2800000000000
22.0800000000000
29.4800000000000
25.0100000000000
26.5800000000000
61.9900000000000
12120
25.4900000000000
26.7800000000000
66.4100000000000
398.300000000000
18.4800000000000
-2.05300000000000
25.4300000000000
31.4300000000000
15.0100000000000
-25.0700000000000
19.3300000000000
16.6600000000000
28.6300000000000
-994.800000000000
28.4400000000000
25.9200000000000
28.9900000000000
11.9300000000000
76.8300000000000
79.3000000000000
28.2600000000000
37.3900000000000
81.1500000000000
53.8100000000000
2.69500000000000
23.9900000000000
11.2900000000000
22.6500000000000
-112400
-4.55400000000000
12.9500000000000
37.0900000000000
14.1600000000000
-6.29600000000000
-5.91300000000000
4.91100000000000
4254
23.2800000000000
7.52400000000000
-49070
38.5100000000000
12.8100000000000
7.06500000000000
-18.4800000000000
3.71100000000000
-2.46700000000000
17.9100000000000
-910.700000000000
28.9900000000000
27.8200000000000
-630.700000000000
15
44.9300000000000
37.1700000000000
17030
-20.8000000000000
45.4700000000000
23.3900000000000
31.5700000000000
6268
16.5400000000000
23.9500000000000
21.7700000000000
24.3900000000000
181.500000000000
33.4600000000000
40.8700000000000
43.1100000000000
-33.7800000000000
59180
15.1000000000000
44.1300000000000
374.500000000000
50.0600000000000
-17.7200000000000
15.5100000000000
8.05200000000000
89.7400000000000
24.2100000000000
14.8000000000000
12.9600000000000
125.100000000000
-38.7600000000000
24.6300000000000
15.6400000000000
26.5800000000000
24.4700000000000
22.8500000000000
-464
50.5000000000000
-14.5100000000000
-15460
4755
9785
-56.6600000000000
27.4700000000000
15930
28.9200000000000
120.900000000000
-422.400000000000
-123.200000000000
17.1200000000000
159.100000000000
6.37600000000000
-257.300000000000
20.4800000000000
29.5500000000000
186.400000000000
14.2400000000000
8.02500000000000
24.8800000000000
25.8600000000000
15.0900000000000
-23.8800000000000
70.8400000000000
37.5700000000000
23.0700000000000
55.8700000000000
36.5500000000000
26.9800000000000
-15560
1780
25.6300000000000
44.7000000000000
77020
9.80200000000000
12.6100000000000
12.4500000000000
1445
28.0900000000000
12.6200000000000
28.3800000000000
11.1200000000000
14.9400000000000
-66150
13.5700000000000
9.97400000000000
15.2200000000000
14.1300000000000
25.4700000000000
27.9700000000000
26.0100000000000
26.4500000000000
41.2900000000000
26.2900000000000
39.0600000000000
28.4200000000000
27.2700000000000
28.2300000000000
25.1000000000000
37.2400000000000
148.200000000000
14.6400000000000
4.77200000000000
31.1200000000000
10330
14.8100000000000
9.85200000000000
15030
35630
-8009
21040
13.1800000000000
88.1900000000000
14.6200000000000
44.0700000000000
11.6300000000000
11400
299.800000000000
16.5300000000000
31.0500000000000
-2713
19.3000000000000
-35.9100000000000
19790
25.2600000000000
682.500000000000
48.5600000000000
48.2100000000000
12.6800000000000
24.4200000000000
58.1800000000000
-40570
69140
24.8100000000000
21.7100000000000
30.2200000000000
22.2700000000000
-25.1100000000000
67.0500000000000
27.5600000000000
15.4200000000000
25.4600000000000
143.700000000000
2.08200000000000
20.7700000000000
11.9800000000000
179200
37.6200000000000
-48.0400000000000
31.2800000000000
3815
-102.600000000000
81.5000000000000
-71.3100000000000
2.51400000000000
26.5500000000000
31.3500000000000
15.2300000000000
27.4400000000000
28.3100000000000
-17.3900000000000
4169
28.2200000000000
14
124.300000000000
20.9600000000000
13.0400000000000
25.8900000000000
52.5800000000000
196
-17390
-27330
50.3200000000000
8.34000000000000
24.5100000000000
74.0600000000000
-9019
15.0300000000000
1158
20.8900000000000
28.7700000000000
-16.2000000000000
-142.800000000000
-9642
15.0800000000000
20.1000000000000
19.1400000000000
3187
-2.63000000000000
-9993
-10860
0.329000000000000
11.5500000000000
28.9300000000000
29.0300000000000
42.6800000000000
24.8900000000000
-3795
48.7800000000000
27.9500000000000
21.9900000000000
28.6900000000000
-16.1000000000000
34.5400000000000
-76.0100000000000
-3.56600000000000
13950
56.1700000000000
-5496
9.16200000000000
-11940
14.9400000000000
-3663
-183
13.8300000000000
31.0600000000000
27.7700000000000
18.4000000000000
15.3600000000000
5972
-324.200000000000
30.0200000000000
38.0300000000000
30.1000000000000