26.3200000000000
-76480
58.6700000000000
8.79300000000000
-12960000
-12.2600000000000
58.8100000000000
32.3500000000000
50.4300000000000
64.7000000000000
34.9600000000000
56.8200000000000
63.9400000000000
58.8300000000000
54.7100000000000
10.9400000000000
3.34000000000000
8.64900000000000
28.3100000000000
62.7200000000000
-3763
49.6500000000000
49.4000000000000
59.8500000000000
50.1700000000000
41.8600000000000
57.5300000000000
23.5900000000000
47
-51360
58.7800000000000
58.8000000000000
-9537
82.1400000000000
28.8400000000000
56.5600000000000
57980
59.7400000000000
53770
-9504
60.3700000000000
64.2900000000000
54.1100000000000
69.6500000000000
59.3700000000000
54.8900000000000
46.5100000000000
80.4000000000000
59.4200000000000
59.8500000000000
53.6000000000000
58.8000000000000
58.8300000000000
57.6000000000000
46.4000000000000
40.1500000000000
60.2900000000000
58.7900000000000
56.3000000000000
51.7100000000000
58.8200000000000
75.3800000000000
58.8400000000000
45.9300000000000
60.6100000000000
83.4000000000000
35.4200000000000
60.3200000000000
61.2400000000000
6820
58.8900000000000
59.8800000000000
59.6300000000000
40.0300000000000
58.8000000000000
58.7600000000000
62.8600000000000
37.6700000000000
1.50400000000000
63
48.9700000000000
49.8100000000000
49.8100000000000
59.7500000000000
58.8600000000000
58.5900000000000
58.8700000000000
55.0300000000000
50.1100000000000
51.6600000000000
37.0700000000000
38.7000000000000
122.100000000000
62.6900000000000
50.2000000000000
60.0700000000000
56.7300000000000
48.3900000000000
59.7100000000000
60.9600000000000
33.5100000000000
53.6200000000000
58.8100000000000
57.9000000000000
48.4400000000000
59.8100000000000
55.1600000000000
61.6500000000000
54.9300000000000
89.1600000000000
48.2000000000000
61.3300000000000
58.8700000000000
3672
1183
55.7800000000000
45.1200000000000
62.7700000000000
58.8000000000000
53.8900000000000
14.5600000000000
-57530
54.8900000000000
-18440
58.1700000000000
64.7000000000000
56.3000000000000
211.100000000000
69.2400000000000
51.7200000000000
47980
12940
21810
92.7900000000000
67.8700000000000
84.2900000000000
71.0600000000000
81
87.9800000000000
76940
74.0300000000000
57.6000000000000
59.5300000000000
58.8400000000000
82.9500000000000
58.7700000000000
50.4200000000000
58.8200000000000
88.5100000000000
58.7700000000000
66.8500000000000
73.6500000000000
56.4500000000000
67.9300000000000
61.4900000000000
65.9900000000000
58.8200000000000
26.1500000000000
54.9600000000000
58.0100000000000
58.8100000000000
104.600000000000
58.8400000000000
74.9500000000000
58.7900000000000
49.2700000000000
56.6400000000000
76.3200000000000
53.5900000000000
68.2000000000000
58.7900000000000
58.8400000000000
47.6400000000000
49.8700000000000
44.9900000000000
50.7700000000000
83.0800000000000
60.5000000000000
65.1500000000000
62.0600000000000
58.8100000000000
5.18800000000000
70.9600000000000
63.6500000000000
51.4700000000000
70.0300000000000
25.3500000000000
58.8200000000000
58.8100000000000
58.8100000000000
58.8100000000000
62.2700000000000
83.2900000000000
58.8200000000000
84.8000000000000
69.9500000000000
55.1600000000000
58.8900000000000
58.8300000000000
58.8100000000000
69.7300000000000
34.6300000000000
63.8400000000000
55.3900000000000
-507.700000000000
74.6900000000000
-33.8000000000000
60.4400000000000
58.8200000000000
58.8000000000000
58.8200000000000
58.8000000000000
58.8300000000000
30.8100000000000
58.8200000000000
58.7900000000000
111.800000000000
48.9600000000000
62.7300000000000
59.9600000000000
61.1200000000000
62.2500000000000
59.1700000000000
-17620
61.5900000000000
59.0900000000000
73.8200000000000
56.9700000000000
82.7500000000000
58.8100000000000
23.2500000000000
45.5800000000000
46.1200000000000
78.1300000000000
58.8200000000000
58.8400000000000
58.8100000000000
59.6500000000000
89.1600000000000
43.6400000000000
75.7800000000000
88.8700000000000
62.3000000000000
75.2500000000000
65.5200000000000
45.4800000000000
58.8700000000000
60.0500000000000
58.8100000000000
46.3300000000000
48.3400000000000
80.0700000000000
58.8300000000000
68.8200000000000
59.0200000000000
62.8700000000000
61.5700000000000
59.8200000000000
46.2000000000000
48.7500000000000
104.400000000000
57.7700000000000
40.0800000000000
58.8200000000000
77.8300000000000
70.6200000000000
62.5900000000000
58.8200000000000
58.7600000000000
58.8400000000000
44.9400000000000
51.0800000000000
4.85600000000000
58.8500000000000
58.8000000000000
63.9500000000000
58.8300000000000
58.8400000000000
21.3200000000000
58.8300000000000
14.3600000000000
77.2800000000000
72.1300000000000
58.8100000000000
61.5600000000000
59.5700000000000
58.8100000000000
58.8800000000000
58.8000000000000
58.8100000000000
62.3900000000000
60.9500000000000
58.8400000000000
78.2200000000000
54.3500000000000
54.8600000000000
-21.9600000000000
58.8100000000000
58.8300000000000
58.8200000000000
-62630
58.7900000000000
65.5100000000000
58.8000000000000
79.9700000000000
-18560
58.8400000000000
79.5000000000000
59.8600000000000
27.5700000000000
48.9700000000000
58.7200000000000
60.3900000000000
58.8900000000000
58.8400000000000
58.8300000000000
58.8400000000000
61.5500000000000
58.8200000000000
35.1500000000000
58.8000000000000
58.8300000000000
60.0500000000000
48.2600000000000
58.8200000000000
80.4600000000000
58.8000000000000
-20060
58.8100000000000
58.7900000000000
53.2500000000000
59.3800000000000
-1714
58.8800000000000
63.5600000000000
58.8600000000000
58.8300000000000
14.7700000000000
50.7500000000000
73.1200000000000
58.1400000000000
58.8600000000000
29.9400000000000
58.9200000000000
68.5700000000000
58.8100000000000
46.4000000000000
58.8800000000000
74.0100000000000
49.7300000000000
51.7900000000000
72.7000000000000
58.8000000000000
58.8400000000000
51.2300000000000
58.8600000000000
58.8200000000000
58.8500000000000
58.8300000000000
57.3800000000000
2151000
86.0900000000000
80.4200000000000
58.8300000000000
67.1600000000000
85.4800000000000
58.8100000000000
51.6500000000000
84.7500000000000
60.5300000000000
58.8300000000000
58.8900000000000
51.8700000000000
58.9700000000000
58.8400000000000
58.8200000000000
80.4800000000000
56.4900000000000
-6877
58.8600000000000
64.3500000000000
62.9000000000000
72.8000000000000
58.8900000000000
58.8700000000000
76.4500000000000
28.3800000000000
19.5400000000000
50.2500000000000
83.0100000000000
94.1600000000000
83.3800000000000
58.8300000000000
72.9900000000000
68.8100000000000
44.8900000000000
58.8300000000000
40.0600000000000
30.2200000000000
58.8300000000000
84.1000000000000
115.800000000000
2.35600000000000
31.7700000000000
61.9200000000000
58.8200000000000
57.7400000000000
58.8100000000000
58.7900000000000
69.7800000000000
-3918
59.9100000000000
-160
59.3900000000000
88.2400000000000
58.8700000000000
58.8400000000000
58.8700000000000
68.1500000000000
-26.9400000000000
-232.300000000000
48.5000000000000
58.8600000000000
58.8500000000000
58.8600000000000
81.3200000000000
70.1200000000000
63.0600000000000
58.8400000000000
61.0500000000000
58.8300000000000
53.7600000000000
76.1200000000000
55.3900000000000
65.4400000000000
115.100000000000
-1430
58.8300000000000
63.4800000000000
12.3900000000000
52.6100000000000
79.5000000000000
51.4900000000000
58.8100000000000
62.1200000000000
58.8700000000000
61.3500000000000
72.2600000000000
45.2400000000000
53.3900000000000
-23.0900000000000
58.8300000000000
58.7600000000000
58.7700000000000
59.4600000000000
58.8700000000000
74.4500000000000
58.8700000000000
58.8300000000000
58.8300000000000
6.52300000000000
68.4700000000000
136.100000000000
58.8900000000000
58.8700000000000
58.8400000000000
58.8700000000000
18.1500000000000
33.0900000000000
58.9000000000000
37.7300000000000
84.1400000000000
18.5200000000000
36720
95.4600000000000
54.9300000000000
35.8400000000000
51.1600000000000
174.300000000000
58.8300000000000
54.7000000000000
-13870
57.4900000000000
-1.84500000000000
58.8400000000000
76.5500000000000
58.8100000000000
25.8800000000000
58.9400000000000
70.9900000000000
116.800000000000
58.5800000000000
58.8200000000000
58.8300000000000
16.0900000000000
58.8800000000000
58.1200000000000
58.8600000000000
58.8400000000000
58.8000000000000
58.8400000000000
58.8700000000000
42.9000000000000
72.8900000000000
58.7400000000000
-10.4200000000000
44.0200000000000
42.7000000000000
50.9900000000000
30.8800000000000
61.5900000000000
58.6900000000000
58.8300000000000
55.7700000000000
70.1600000000000
18.8900000000000
58.8100000000000
58.8900000000000
61.1700000000000
58.9500000000000
60.8500000000000
159.900000000000
48.2800000000000
58.8200000000000
64.1200000000000
23.9300000000000
93.5100000000000
59.5800000000000
59.0300000000000
76.5700000000000
71.7800000000000
-72070
-11.7000000000000
26.2900000000000
60.5600000000000
46.4200000000000
58.8000000000000
58.8900000000000
49.8900000000000
58.7500000000000
62.9200000000000
48.5500000000000
58.8900000000000
53.0300000000000
45.9000000000000
60.7900000000000
6.07700000000000
60.1800000000000
58.8300000000000
61.6100000000000
49.0400000000000
61.4400000000000
58.8400000000000
58.8000000000000
54.0900000000000
58.8400000000000
58.8300000000000
72.0400000000000
46.3200000000000
67.6200000000000
58.8200000000000
30720
58.8300000000000
58.8900000000000
81.5300000000000
7.81400000000000
78.9200000000000
-13940
69.0800000000000
7553
-36.2400000000000
50.7900000000000
58.8600000000000
86.3700000000000
-23420
58.9200000000000
58.8500000000000
58.8600000000000
44.0200000000000
58.8200000000000
6.34800000000000
58.8700000000000
25.1300000000000
44.4100000000000
47.2900000000000
79.7600000000000
-23.6900000000000
49.7000000000000
41.2500000000000
78.0400000000000
57.7900000000000
50.9400000000000
58.8200000000000
59.3800000000000
80.9800000000000
14570
53.1900000000000
11370
613000
57.9200000000000
59.4200000000000
14690
106.100000000000
67.4900000000000
74.6300000000000
58.9400000000000
1379
-23640
2965
-3421
53.8200000000000
5779
89.3300000000000
205800
1343
93.3400000000000
8991
14.9900000000000
32130
61.1600000000000
33830
103.700000000000
71.8900000000000
14130000
32160
1053
12580
55.4300000000000
57030
-203000
60.1800000000000
-3907
94.7300000000000
31.7500000000000
5956
16.8700000000000
-99540
78.8900000000000
437800
-69430
18.9200000000000
-51240
-178900
58.8900000000000
30.3400000000000
-112900
48.9000000000000
90580
52.3700000000000
171.900000000000
6215
263
97780
88450
56.2700000000000
102.300000000000
57.8300000000000
68.9800000000000
633
-25320
53.9600000000000
39.9200000000000
29170
-144100
-4971
845.300000000000
42.1500000000000
-22380
45.2100000000000
-38.7700000000000
-45270
34960
95.5900000000000
25.5700000000000
40.0300000000000
58.9200000000000
79.9600000000000
-17260
43.3400000000000
58.8900000000000
104.400000000000
46.7500000000000
58.6200000000000
52.4600000000000
23.7200000000000
14.2900000000000
54.6600000000000
58.8100000000000
59.3900000000000
-5.72100000000000
21.7400000000000
18.3800000000000
2578
62.2000000000000
21.1900000000000
75.2300000000000
51.4000000000000
-80.7600000000000
-36420
10.1100000000000
18.6600000000000
39.3600000000000
-47580
10.2800000000000
8.91300000000000
41.2800000000000
8.42600000000000
-0.158300000000000
36.7300000000000
-119100
24.1100000000000
58.8800000000000
58.7800000000000
46.2400000000000
-2341
13.2100000000000
-515200
32.2600000000000
58.8400000000000
23.1900000000000
27.5700000000000
-5.68100000000000
48.1900000000000
25.7300000000000
22020
63.1800000000000
35.0300000000000
68.7900000000000
47.4100000000000
11.8100000000000
53.7300000000000
19.1900000000000
-1598
-19.8600000000000
44.6500000000000
61.2900000000000
-13310
-118900
19.7300000000000
16.1300000000000
35.8500000000000
46.1100000000000
7.50900000000000
7.65000000000000
58.8400000000000
11.5800000000000
58.9300000000000
-64160
44.6600000000000
43.5700000000000
58.6500000000000
11.3100000000000
28.9100000000000
-103100
44.9000000000000
21.3300000000000
58.8500000000000
58.8100000000000
40.7200000000000
41.7000000000000
31.0100000000000
13.6100000000000
1081
15.5100000000000
84.2500000000000
45.2400000000000
-53.9800000000000
-3.69800000000000
63.7400000000000
130.900000000000
58.8600000000000
5.26500000000000
58.5500000000000
18.9300000000000
58.8100000000000
96.0400000000000
58.8100000000000
25.9200000000000
-9313000
25.9000000000000
-271.200000000000
-138.700000000000
53.2000000000000
55.7400000000000
54.2100000000000
44.6900000000000
38.0200000000000
48.0200000000000
-307300
52.1600000000000
-571.700000000000
35.0200000000000
23.4100000000000
31.8400000000000
-212400
52.5600000000000
41.0600000000000
85330
58.8100000000000
25.9200000000000
44.6400000000000
53.2800000000000
58.5900000000000
56.1600000000000
57.9600000000000
-314700
-2.58200000000000
-42200
58.8400000000000
50.7000000000000
50.2300000000000
-61510
61.8000000000000
58.8500000000000
58.8000000000000
17.4700000000000
27.2200000000000
-11910
28.9300000000000
-200800
-853.100000000000
-12.9000000000000
-38870
-184200
18.8300000000000
18.0400000000000
27.8300000000000
-108400
-34080
24.7900000000000
57.3800000000000
30.8900000000000
70.1600000000000
37.5100000000000
39.9500000000000
53.5100000000000
-155800
-13.6000000000000
10.2600000000000
-19.2100000000000
-6128
44.0300000000000
36.6800000000000
41.5400000000000
58.8200000000000
33.2300000000000
-1259000
30.4600000000000
-334
29.0100000000000
47.1100000000000
-36.7900000000000
3.59200000000000
60.4500000000000
43.2900000000000
13.0200000000000
23.0200000000000
58.5400000000000
-9510
40.8900000000000
33.3100000000000
-8.95200000000000
6.62000000000000
-114100
34.2200000000000
-226300
-5780
4947
29.9300000000000
51.9800000000000
12.1300000000000
50.6000000000000
56.4600000000000
28.9900000000000
5.20000000000000
58.5600000000000
-52120
8.24300000000000
-100900
50.7800000000000
-46790
42.6900000000000
-878.200000000000
53.9900000000000
29.8600000000000
38.4200000000000
30.9900000000000
41.9600000000000
20.4700000000000
34.9000000000000
35.6900000000000
69.6000000000000
58.8600000000000
-33.3700000000000
457
58.8100000000000
-161800
-10540
58.8400000000000
-8.68100000000000
51.6400000000000
-18770
-46360
58.5400000000000
58.8500000000000
70.2000000000000
54.0500000000000
-140500
107.900000000000
58.8000000000000
16.7000000000000
57.2200000000000
92.2200000000000
51.9400000000000
10.2300000000000
3590
-44.9200000000000
2.25200000000000
65.9800000000000
62.0900000000000
-180400
53.3100000000000
42.4200000000000
20.0100000000000
-46530
47.3900000000000
57.4100000000000
-1167
32.6100000000000
-48160
58.5300000000000
51.2700000000000
-134800
58.8100000000000
81.7000000000000
18.2000000000000
58.8300000000000
83.4300000000000
31.2300000000000
-16170
58.8300000000000
46.3900000000000
-3.86700000000000
-29830
129.700000000000
58.8400000000000
58.8300000000000
58.4900000000000
34.4100000000000
52.7500000000000
69.9300000000000
68.3100000000000
45.3600000000000
-6002
-20460
58.9100000000000
114.800000000000
58.8600000000000
58.8500000000000
58.8200000000000
-126500
60.6100000000000
-998.400000000000
59.0200000000000
91.8700000000000
58.8500000000000
72.2300000000000
116.800000000000
68.6400000000000
31.6400000000000
59
-133600
-130700
51
-3.93800000000000
58.8500000000000
-13.2100000000000
-7.20200000000000
-11.7000000000000
55.2800000000000
58.8700000000000
83.3400000000000
13630
45.5200000000000
43.6200000000000
43.4300000000000
43.4800000000000
-196
61.3000000000000
61.7000000000000
62.3200000000000
45.4000000000000
25.9200000000000
58.9700000000000
-66890
63.4200000000000
30.2400000000000
58.8300000000000
-18870
60.5600000000000
58.8700000000000
54.8700000000000
58.8400000000000
20.7000000000000
1385
58.8100000000000
58.8300000000000
32.8100000000000
29.6300000000000
70.0800000000000
98.3400000000000
-148000
-91.2500000000000
86.0400000000000
62.3600000000000
-119.500000000000
59.9100000000000
52.8000000000000
-78.9900000000000
58.8500000000000
58.8300000000000
105.300000000000
58.9800000000000
56.8000000000000
31.0700000000000
-188900
88.4100000000000
50.6000000000000
56.0600000000000
58.8500000000000
83.3000000000000
47.7400000000000
58.8700000000000
43920
23.4100000000000
71.7000000000000
58.8100000000000
-150500
58.8200000000000
44.7800000000000
58.8300000000000
83.6900000000000
58.8700000000000
-2967
58.8400000000000
28.3800000000000
-194000
58.8800000000000
71.1700000000000
-20.1000000000000
48.2000000000000
42.3800000000000
74670
51.3400000000000
35
24.6500000000000
58.8500000000000
48.1700000000000
58.7800000000000
58.8300000000000
58.8200000000000
58.8500000000000
110.500000000000
2552
58.8300000000000
58.8300000000000
47.5300000000000
51.5400000000000
-35210
108.400000000000
11.8800000000000
58.6400000000000
60.2300000000000
-149.600000000000
22320
58.8100000000000
71.4100000000000
72.5100000000000
42.2000000000000
-61980
58.8100000000000
68.9800000000000
17950
58.8300000000000
68.8500000000000
117.200000000000
-225300
58.8300000000000
58.8200000000000
28710
52.3200000000000
60.1500000000000
58.8100000000000
10750
58.8500000000000
59.3400000000000
58.8500000000000
102.200000000000
58.8300000000000
46.7000000000000
59.7100000000000
-474.400000000000
58.8500000000000
50.8500000000000
58.8500000000000
58.8700000000000
46.6500000000000
82.6600000000000
43.4600000000000
56.2000000000000
26.4700000000000
58.8400000000000
53.8100000000000
22.3600000000000
58.9600000000000
58.8900000000000
53.5900000000000
62.7700000000000
58.8200000000000
58.8300000000000
-150900
37.4100000000000
58.8200000000000
7254
-42220
84.6900000000000
58.8400000000000
58.8200000000000
89.0100000000000
-25.1000000000000
58.8200000000000
3362
102.400000000000
58.8400000000000
1512
58.8100000000000
109.400000000000
58.8100000000000
58.8200000000000
58.8500000000000
62.8600000000000
40.0200000000000
-743.600000000000
58.8100000000000
58.8400000000000
54.6600000000000
80.7900000000000
-5.42100000000000
55.7800000000000
14.8600000000000
52.2900000000000
59.1900000000000
52.2000000000000
66.5200000000000
50.7100000000000
54.7800000000000
94.4900000000000
85.1000000000000
79.3900000000000
18.3400000000000
54.2300000000000
7440
12.8900000000000
58.8700000000000
70.7400000000000
57.8600000000000
99.9900000000000
58.8100000000000
57.9000000000000
53.8000000000000
265.600000000000
77.0700000000000
58.8200000000000
58.8200000000000
-121100
47.8200000000000
58.8200000000000
96.2600000000000
60.9700000000000
58.8300000000000
58.8600000000000
58.8200000000000
58.8400000000000
58.8000000000000
58.8000000000000
27.1800000000000
58.7900000000000
-46240
58.8600000000000
58.8200000000000
58.8200000000000
78.9000000000000
58.8500000000000
46.3300000000000
58.8400000000000
-30260
54.6700000000000
58.8500000000000
58.8500000000000
-50350
58.6400000000000
58.8000000000000
58.7200000000000
59.0200000000000
56.2800000000000
58.8200000000000
58.8500000000000
58.8600000000000
58.8500000000000
58.8200000000000
16.4100000000000
-18770
58.3600000000000
58.8300000000000
58.7900000000000
117.300000000000
58.8100000000000
58.8500000000000
58.8000000000000
46.5400000000000
62.0600000000000
58.8400000000000
58.5800000000000
45.1700000000000
58.8400000000000
58.7100000000000
58.7300000000000
58.6400000000000
60.4700000000000
58.7800000000000
58.8200000000000
45.4300000000000
58.7900000000000
58.8400000000000
58.7800000000000
58.8600000000000
-12060
58.7200000000000
-2710
58.7600000000000
-2352
-32730
-19940
55.8200000000000
58.8500000000000
60.2600000000000
49.6800000000000
19.8100000000000
58.8500000000000
58.6100000000000
16
40.7700000000000
-155
58.6200000000000
67.7400000000000
58.8000000000000
58.6000000000000
91.7200000000000
58.8000000000000
89.1600000000000
58.7400000000000
58.6000000000000
-2144000
67.3200000000000
58.6800000000000
58.8400000000000
-307600
9.56700000000000
-414.700000000000
58.8300000000000
58.7700000000000
58.8400000000000
-90.1300000000000
58.7300000000000
55.5800000000000
55.9200000000000
41.2200000000000
-51890
59.5400000000000
58.7300000000000
58.6100000000000
70.3400000000000
13660
58.8500000000000
72.1600000000000
36.3000000000000
58.5400000000000
58.8300000000000
58.7200000000000
58.9500000000000
50.5000000000000
58.8300000000000
58.8800000000000
-99910
36.8800000000000
58.8500000000000
58.8400000000000
58.8300000000000
58.6900000000000
61.9400000000000
58.8700000000000
58.8000000000000
92.3900000000000
83.2900000000000
58.8500000000000
58.8400000000000
58.8500000000000
58.8000000000000
58.8100000000000
46.5400000000000
58.8000000000000
58.8600000000000
58.4300000000000
58.8500000000000
16.2900000000000
-30260
58.8400000000000
58.8400000000000
58.7900000000000
-37180
106
127.400000000000
-37810
68460
12.9200000000000
-8.84000000000000
58.5900000000000
58.7800000000000
58.8400000000000
-46190
-104100
25.5000000000000
58.8200000000000
66.6100000000000
65.6400000000000
58.6400000000000
117500
58.8200000000000
-124200
44.6100000000000
58.7900000000000
5.23200000000000
-49720
-376500
58.7900000000000
20.7600000000000
-47.6500000000000
58.8100000000000
58.7000000000000
58.8100000000000
58.8000000000000
-311.200000000000
-79430
58.8600000000000
44.9100000000000
-36710
58.8000000000000
58.8400000000000
58.8100000000000
59.2000000000000
18.2600000000000
-20130
50.6000000000000
58.8900000000000
24660
81.0500000000000
30.8100000000000
58.8200000000000
58.7900000000000
91.4800000000000
85.4800000000000
47.4400000000000
57.1600000000000
60.2600000000000
-66080
58.7900000000000
52.5700000000000
58.8300000000000
-20130
12.6700000000000
-169700
-149200
-18770
33.9300000000000
1433
58.8000000000000
-90020
51.6500000000000
58.7900000000000
63.3800000000000
58.8600000000000
-421.900000000000
58.8000000000000
58.0900000000000
58.8800000000000
49.3000000000000
58.8100000000000
58.7900000000000
-1264
-32280
58.8200000000000
68.7800000000000
61.7200000000000
58.8600000000000
90.5100000000000
58.8300000000000
50.2800000000000
-2810
112.100000000000
58.8000000000000
58.7700000000000
58.8800000000000
114.800000000000
62.1400000000000
58.8000000000000
52.8100000000000
61.8300000000000
59.2500000000000
58.8500000000000
-22840
-15850
56.2600000000000
68.3500000000000
58.7900000000000
53.4300000000000
50210
58.8300000000000
-4647
11.0800000000000
-17.9300000000000
57.4300000000000
58.8100000000000
58.7900000000000
58.8200000000000
53.6600000000000
58.8500000000000
-75060
28710
23.3900000000000
23.0100000000000
58.7800000000000
58.8100000000000
9254
47.1700000000000
-17860
-4.86800000000000
85.0400000000000
55.3500000000000
11.7200000000000
47.4100000000000
87.6600000000000
-198100
58.8100000000000
64.8700000000000
-42620
69.8100000000000
58.8200000000000
-32630
45.6800000000000
17540
58.9500000000000
58.7900000000000
83.3000000000000
37.5300000000000
110.800000000000
-25.1000000000000
21.0700000000000
55.6600000000000
58.8500000000000
58.7900000000000
119.500000000000
5.17800000000000
58.8500000000000
35.6400000000000
58.7800000000000
-346400
55.9400000000000
58.7800000000000
92.7000000000000
58.8300000000000
58.8000000000000
86.3700000000000
58.8100000000000
63.5200000000000
58.8200000000000
599.300000000000
58.7800000000000
58.7600000000000
-141.500000000000
-4682
43.4500000000000
58.8200000000000
80.1800000000000
58.5300000000000
-528100
58.8000000000000
58.8100000000000
-196500
58.7700000000000
58.8200000000000
63.0500000000000
0.000758200000000000
41.3000000000000
58.8000000000000
10.3100000000000
56.9100000000000
58.8000000000000
58.8000000000000
-92.4300000000000
58.8000000000000
33.3500000000000
58.8000000000000
70.2300000000000
49.1200000000000
58.7800000000000
-9.69800000000000
58.7900000000000
58.9300000000000
34.3400000000000
61.8200000000000
58.8400000000000
-124700
-82.8400000000000
58.1300000000000
52.6900000000000
46.6900000000000
58.8200000000000
-8544
70.1000000000000
87.5600000000000
58.8100000000000
-4.19400000000000
43.0500000000000
58.7800000000000
58.8400000000000
58.7800000000000
134.300000000000
-20830
-374100
1784
80.8500000000000
43.9200000000000
58.7800000000000
58.8000000000000
128.500000000000
58.8000000000000
58.2000000000000
-8380
22.5900000000000
58.8000000000000
-21430
-4.51700000000000
33040
41.3900000000000
38200
85.5800000000000
60.5900000000000
58.7900000000000
58.8200000000000
58.9300000000000
58.5500000000000
58.7800000000000
62.1200000000000
-517.600000000000
499
58.2500000000000
58.7900000000000
-15690
-17190
97.9300000000000
58.7900000000000
111.200000000000
-42120
58.8800000000000
-722100
58.8500000000000
57.2600000000000
55.6300000000000
58.8000000000000
75.4000000000000
58.8100000000000
58.8100000000000
63.9700000000000
70.6500000000000
38.0800000000000
71.5600000000000
111.600000000000
83.6900000000000
58.7600000000000
20.2300000000000
114.900000000000
-33.1000000000000
42.7100000000000
58.7500000000000
58.6900000000000
102.400000000000
16.6300000000000
83.3000000000000
58.8200000000000
62.6800000000000
-16810
47
12.1500000000000
-206200
58.8100000000000
58.8600000000000
57.7800000000000
58.8100000000000
131.600000000000
54.8100000000000
13200
48840
58.8600000000000
58.8100000000000
58.8500000000000
58.8600000000000
-94930
61.8400000000000
58.7700000000000
58.9000000000000
33.0300000000000
82.4100000000000
77.2400000000000
36.2100000000000
58.7800000000000
58.8700000000000
58.8700000000000
58.7900000000000
59.2200000000000
4.88300000000000
45.4600000000000
58.8000000000000
58.8600000000000
58.5600000000000
58.7900000000000
108.400000000000
58.9000000000000
48.8200000000000
36.0500000000000
58.9800000000000
59.6000000000000
44.8200000000000
93250
58.8000000000000
-13000
58.8600000000000
58.7900000000000
87.7300000000000
58.7100000000000
58.8800000000000
59.4800000000000
58.8500000000000
58.8000000000000
22990
58.8300000000000
58.9300000000000
58.7700000000000
58.9100000000000
58.8100000000000
58.9600000000000
58.8000000000000
58.6800000000000
58.7000000000000
58.8900000000000
58.8100000000000
45.5100000000000
-32820
-51470
47.5500000000000
58.1600000000000
58.8000000000000
58.8300000000000
58.7100000000000
58.9100000000000
58.5900000000000
58.6900000000000
58.9100000000000
54.2000000000000
58.9500000000000
42.0300000000000
53.5800000000000
58.9000000000000
-30260
58.7500000000000
197.800000000000
58.4800000000000
28.0100000000000
-1872
-14890
58.7500000000000
58.6700000000000
-19.4100000000000
58.7000000000000
-30260
86.5400000000000
18.0400000000000
-39780
55.7700000000000
65.4400000000000
74.5900000000000
58.7000000000000
48.4000000000000
58.7900000000000
-19.0400000000000
58.7500000000000
58.8000000000000
58.7800000000000
15.0500000000000
58.6100000000000
58.7000000000000
32.9700000000000
58.7300000000000
58.8400000000000
68.7200000000000
58.7900000000000
58.7400000000000
58.8400000000000
-30260
58.8400000000000
34.4100000000000
58.6100000000000
58.8800000000000
-105.400000000000
58.6200000000000
58.7100000000000
58.7900000000000
58.8100000000000
58.8200000000000
58.8200000000000
58.8100000000000
58.8500000000000
55.6900000000000
58.6400000000000
58.8600000000000
61.1300000000000
58.7600000000000
58.7700000000000
58.8500000000000
192.700000000000
58.8100000000000
58.6900000000000
58.4600000000000
-30260
58.7800000000000
58.8100000000000
58.8600000000000
58.7500000000000
60.2600000000000
41.5700000000000
58.5500000000000
61.9500000000000
58.8700000000000
54.0700000000000
8130
58.6400000000000
58.6600000000000
58.9000000000000
58.7200000000000
84.7900000000000
58.8000000000000
60.1600000000000
58.8400000000000
58.7900000000000
58.6000000000000
58.8200000000000
71.0600000000000
58.9000000000000
42.6200000000000
58.6100000000000
58.8100000000000
58.6500000000000
58.9200000000000
55.7500000000000
58.7600000000000
58.9300000000000
58.6100000000000
59.5200000000000
58.7900000000000
58.6100000000000
70.2600000000000
58.8000000000000
31.9300000000000
58.9200000000000
58.8100000000000
58.7700000000000
54.2000000000000
58.7700000000000
58.7800000000000
32.6300000000000
58.6800000000000
-251200
51.2000000000000
44
58.7200000000000
58.7000000000000
58.7700000000000
53.7500000000000
58.8100000000000
71.7200000000000
58.8000000000000
58.8000000000000
-399.600000000000
18.7000000000000
32.7200000000000
58.8000000000000
58.7600000000000
123.500000000000
29.5700000000000
58.8600000000000
58.8700000000000
58.8800000000000
40.0700000000000
58.6700000000000
96.0600000000000
10.5400000000000
54.6000000000000
59.1000000000000
58.7800000000000
58.9100000000000
58.8300000000000
58.5600000000000
48.0400000000000
58.8000000000000
58.7800000000000
59.2400000000000
58.7500000000000
-19760
58.8300000000000
135.300000000000
34.3500000000000
58.7900000000000
58.8000000000000
58.8300000000000
58.8300000000000
-30260
58.8200000000000
58.8000000000000
58.7700000000000
58.7700000000000
58.7700000000000
58.8000000000000
58.8400000000000
58.8300000000000
58.8000000000000
58.7900000000000
58.8500000000000
58.8000000000000
58.5900000000000
58.8600000000000
58.8300000000000
58.8100000000000
35.4600000000000
58.7600000000000
58.8400000000000
59.4200000000000
58.8400000000000
28.8100000000000
1214
58.8000000000000
-126200
-6527
95.4600000000000
50.0700000000000
58.8400000000000
58.8500000000000
58.8400000000000
44.5200000000000
58.8200000000000
58.8500000000000
58.8200000000000
58.7800000000000
58.8700000000000
127.600000000000
67.8600000000000
-11280
58.8200000000000
-36090
58.8000000000000
58.8300000000000
55.1800000000000
67.5000000000000
58.7600000000000
58.8300000000000
58.8000000000000
58.8200000000000
87.8500000000000
236800
58.7900000000000
51.3300000000000
58.8300000000000
-14.8000000000000
71.7000000000000
107.300000000000
58.7700000000000
58.8000000000000
58.8300000000000
58.8500000000000
58.8100000000000
58.8500000000000
58.8100000000000
58.8400000000000
58.8100000000000
24.7300000000000
58.7600000000000
58.8000000000000
58.8500000000000
58.8100000000000
58.8000000000000
58.8100000000000
67300
-3971
58.8400000000000
2474
58.8700000000000
58.8700000000000
58.8500000000000
58.8300000000000
-458200
58.8000000000000
58.8000000000000
58.8200000000000
18.3100000000000
58.5500000000000
58.8300000000000
58.8900000000000
12.1700000000000
58.7900000000000
58.8000000000000
58.8000000000000
58.8000000000000
56.5800000000000
64.8100000000000
-44060
7343
58.9100000000000
58.8200000000000
58.8200000000000
58.7800000000000
58.8900000000000
58.8000000000000
58.8300000000000
58.7900000000000
58.8600000000000
50.4700000000000
58.8300000000000
58.8400000000000
58.8300000000000
58.8100000000000
58.8100000000000
52.4000000000000
58.7900000000000
58.9900000000000
58.8600000000000
58.7900000000000
41.9900000000000
58.8300000000000
58.8100000000000
58.7000000000000
58.7800000000000
58.9000000000000
-121700
21.2100000000000
58.7800000000000
58.6300000000000
58.8400000000000
55.3100000000000
58.5900000000000
58.5800000000000
34.5800000000000
58.9600000000000
58.7700000000000
58.8400000000000
58.9300000000000
58.8000000000000
43.5100000000000
58.5100000000000
58.7700000000000
58.7600000000000
58.6500000000000
-35700
58.6900000000000
58.8900000000000
58.8600000000000
58.8200000000000
-41300
-9285
58.7700000000000
58.9400000000000
58.8200000000000
55.6000000000000
58.7200000000000
58.7900000000000
58.7900000000000
58.8300000000000
145.600000000000
58.7600000000000
58.7700000000000
58.7900000000000
58.8000000000000
67.7300000000000
58.7800000000000
58.8000000000000
55.8600000000000
58.8500000000000
58.8000000000000
58.7900000000000
58.8200000000000
-15.3600000000000
58.8600000000000
-43410
58.8300000000000
58.8700000000000
58.8500000000000
58.8600000000000
58.8400000000000
58.8300000000000
58.8400000000000
58.8000000000000
58.8400000000000
58.8600000000000
58.9200000000000
58.8200000000000
80.8400000000000
58.8200000000000
58.8200000000000
58.8400000000000
58.8100000000000
44.8700000000000
58.8000000000000
58.8100000000000
58.7900000000000
34.4700000000000
58.8000000000000
80.4700000000000
58.8700000000000
58.8100000000000
58.8300000000000
58.7900000000000
58.9200000000000
19070
58.8300000000000
58.8600000000000
58.8400000000000
58.8500000000000
58.7800000000000
62.4300000000000
58.8900000000000
58.7900000000000
58.8000000000000
18.3200000000000
58.9100000000000
-61320
58.9400000000000
58.8000000000000
49.5600000000000
68.7500000000000
58.8200000000000
46.3300000000000
58.8200000000000
-109700
58.8500000000000
117.900000000000
58.8400000000000
58.8800000000000
58.8000000000000
58.8600000000000
58.9600000000000
58.8000000000000
58.7800000000000
58.8200000000000
54.7200000000000
58.8200000000000
58.8000000000000
58.8100000000000
58.8400000000000
47.0500000000000
58.9400000000000
58.7800000000000
58.9300000000000
58.8000000000000
58.8500000000000
49.4400000000000
58.7900000000000
58.7200000000000
53.2900000000000
58.7800000000000
-12.2400000000000
58.8000000000000
58.9400000000000
58.7700000000000
58.7900000000000
58.8100000000000
58.8100000000000
-23.6400000000000
58.8000000000000
58.7800000000000
57.8200000000000
56.5200000000000
58.7900000000000
58.8100000000000
59.0800000000000
58.8200000000000
58.7800000000000
58.8000000000000
58.8000000000000
58.8100000000000
58.9400000000000
58.8500000000000
60.2800000000000
8498
54.5000000000000
58.8200000000000
58.7800000000000
34.4300000000000
58.9900000000000
58.7800000000000
58.8100000000000
311800
58.8600000000000
58.8100000000000
58.8800000000000
61.3600000000000
58.8300000000000
58.7100000000000
58.9500000000000
58.7900000000000
134.300000000000
58.8100000000000
54.7100000000000
58.8200000000000
58.8400000000000
58.6700000000000
63.3300000000000
60.0700000000000
58.7500000000000
58.7900000000000
58.8300000000000
58.9400000000000
23.7800000000000
58.8100000000000
57.9600000000000
54.5800000000000
58.8100000000000
59.1400000000000
58.9800000000000
58.8300000000000
58.8500000000000
54.2900000000000
58.8300000000000
58.8300000000000
58.8400000000000
58.8300000000000
58.8100000000000
43.5400000000000
58.7900000000000
10630
40.6100000000000
52.2100000000000
46.2000000000000
10.5800000000000
53.4900000000000
58.8300000000000
21.7100000000000
58.8000000000000
58.9400000000000
58.7900000000000
58.8000000000000
58.8400000000000
40.9300000000000
53.7200000000000
58.8200000000000
90.3600000000000
52.1800000000000
58.9600000000000
58.7900000000000
19.5400000000000
-94.1300000000000
84.5700000000000
80.9500000000000
58.8000000000000
-53.5100000000000
24.2600000000000
60.9900000000000
30.5200000000000
48.4000000000000
-82.4900000000000
51.0800000000000
38.1900000000000
20.3000000000000
-61640
-14.0900000000000
47.4400000000000
-94.1900000000000
-4000
49.9500000000000
24.5200000000000
13.8000000000000
38.6800000000000
54.5500000000000
46.7700000000000
36.0600000000000
56.4500000000000
44.1200000000000
4946
87.3700000000000
-14050
32.2800000000000
62.4900000000000
40.9000000000000
52.0200000000000
58.8300000000000
52.3700000000000
11.4000000000000
26.6100000000000
12.3200000000000
-32900
-69.6900000000000
86.3300000000000
47.6200000000000
26.6200000000000
58.8100000000000
81.5900000000000
-152800
33.7100000000000
61.3000000000000
55.3300000000000
56.4700000000000
44.7400000000000
95.7700000000000
60.8000000000000
58.8300000000000
54.6900000000000
58.8100000000000
-624200
20.9200000000000
51.1500000000000
78.8400000000000
44.8500000000000
-138800
40.8600000000000
-57.3600000000000
70.4100000000000
71.6100000000000
47.8800000000000
36.7600000000000
-5218
55.0200000000000
59.0500000000000
25.7000000000000
65.0800000000000
57.6800000000000
49.8200000000000
50.1800000000000
58.9900000000000
53.2400000000000
31760
35.7000000000000
-290900
-88.2500000000000
31.4000000000000
-426500
35.2700000000000
-65.5400000000000
33.3800000000000
-560.500000000000
29.4800000000000
-28880
-45460
10.3900000000000
29.8500000000000
14370
54.6300000000000
69.5100000000000
24.1700000000000
58.8100000000000
58.8000000000000
60.7600000000000
58.8400000000000
76.8200000000000
18.5700000000000
20.6900000000000
55.3600000000000
49.2600000000000
58.7900000000000
12.1200000000000
58.8200000000000
44.2900000000000
58.8300000000000
-0.735700000000000
69.6400000000000
58.8200000000000
36.7300000000000
58.8500000000000
58.7700000000000
58.8100000000000
96.7300000000000
52.0700000000000
61.7200000000000
9.62200000000000
22.5800000000000
-43460
-41.5500000000000
58.8500000000000
82.5100000000000
24170
56.1500000000000
61.8900000000000
56.7800000000000
58.3100000000000
54.7600000000000
33.4600000000000
42.4700000000000
29.0400000000000
43.2100000000000
44.6300000000000
53.0400000000000
36.5000000000000
65.2600000000000
-42.1700000000000
-162.900000000000
45.7100000000000
57.0300000000000
46.7200000000000
49.4100000000000
19.6200000000000
-93.8900000000000
57.4600000000000
48.8500000000000
45.8900000000000
45.6200000000000
48.8200000000000
57.4600000000000
62.8800000000000
25360
1367
174.400000000000
86.4600000000000
61.2000000000000
13.5300000000000
28.9900000000000
0.295900000000000
-43.6700000000000
44.1600000000000
62.2000000000000
82.6300000000000
53.9400000000000
55.0900000000000
66.2100000000000
32.8700000000000
43.9900000000000
21.5700000000000
29.2900000000000
58.8000000000000
65.2400000000000
40.1600000000000
33.1200000000000
58.7600000000000
-114600
58.8300000000000
-147000
38.4800000000000
58.7800000000000
49.7300000000000
46.7700000000000
59.7900000000000
71.9700000000000
58.8200000000000
54.5700000000000
46.7000000000000
58.7900000000000
58.8200000000000
58.7800000000000
58.7900000000000
58.8100000000000
10.9300000000000
-136700
-10.3700000000000
23.8300000000000
19.9900000000000
58.7900000000000
48.5400000000000
44.7500000000000
-3.07300000000000
58.8200000000000
58.8100000000000
58.8000000000000
58.7900000000000
5569
31.7800000000000
58.7800000000000
58.8100000000000
58.8400000000000
43.2400000000000
58.7800000000000
58.8200000000000
58.8100000000000
58.8100000000000
58.7800000000000
58.7500000000000
41.7800000000000
61.2200000000000
-40080
70.4300000000000
58.7800000000000
59.2500000000000
78.0400000000000
83.6400000000000
58.8000000000000
46.0700000000000
58.7900000000000
58.8700000000000
54.3700000000000
58.7900000000000
58.7600000000000
76.9200000000000
87.0100000000000
62.3800000000000
61.0100000000000
52.4600000000000
58.8500000000000
60.4700000000000
57.8800000000000
57.0900000000000
58.8300000000000
58.8000000000000
58.2200000000000
55.4500000000000
3.63700000000000
70.3700000000000
61.4200000000000
58.8000000000000
-568.100000000000
120.800000000000
58.8200000000000
58.8000000000000
58.8200000000000
58.8000000000000
74.0200000000000
58.7900000000000
58.8400000000000
53.7900000000000
73.9700000000000
58.8600000000000
58.7800000000000
61.6500000000000
58.7900000000000
69.1000000000000
54.3200000000000
58.8000000000000
42.1800000000000
58.8000000000000
62.3300000000000
58.8200000000000
79.3800000000000
59.4400000000000
58.8200000000000
60.8100000000000
58.8300000000000
59.1100000000000
58.7900000000000
59.3200000000000
58.8200000000000
62.0800000000000
58.8200000000000
58.7600000000000
62.8200000000000
59.1300000000000
59.4900000000000
42.2600000000000
58.7900000000000
23.6100000000000
58.9400000000000
58.2400000000000
58.7900000000000
52.7400000000000
58.7400000000000
55.7900000000000
58.8300000000000
58.8000000000000
73.4600000000000
-23490
73.2700000000000
59.0100000000000
58.7900000000000
60.6100000000000
58.8900000000000
53.6500000000000
59.7800000000000
60.7600000000000
55.6500000000000
89.3400000000000
58.7900000000000
24420
29.9600000000000
95680
58.8600000000000
79.9800000000000
-78220
93.7100000000000
-37150
85.3100000000000
-2392
37390
15780
-40400
11280
48.8800000000000
8387
65.0600000000000
10740
-74120
-13570
103000
56.8400000000000
52670
54.5300000000000
86.5500000000000
50.2600000000000
215.900000000000
-39390
26340
24450
8259
90.6000000000000
0.347300000000000
-3129
-57290
58.7900000000000
58.9300000000000
59.5900000000000
58.8300000000000
73.9900000000000
59.2100000000000
25.4600000000000
58.8300000000000
51.5000000000000
58.8000000000000
50.6600000000000
58.7300000000000
58.8300000000000
81.1000000000000
99.5500000000000
74.2700000000000
58.8900000000000
59.2100000000000
58.7500000000000
59.2100000000000
-6.45300000000000
58.8300000000000
26.2100000000000
58.4600000000000
44.4100000000000
13800
17860
76.6900000000000
-18020
58.7700000000000
19730
99.6600000000000
64.7400000000000
-12850
58.8000000000000
47.5900000000000
55.8000000000000
35.8100000000000
42.3300000000000
43.8900000000000
57.3600000000000
33.6300000000000
27.9900000000000
28.7000000000000
47.7000000000000
50.1100000000000
48.5000000000000
65
49.3900000000000
46.5600000000000
58.8200000000000
50.1500000000000
96.8000000000000
68.8200000000000
72.9500000000000
142.400000000000
53.9600000000000
58.8500000000000
29.4000000000000
20.3700000000000
45.0800000000000
62.7100000000000
58.8100000000000
60.5800000000000
975200
58.2400000000000
58.8500000000000
53.3100000000000
58.7900000000000
61.6100000000000
-174900
58.8200000000000
55.9500000000000
58.7900000000000
69.0700000000000
49.4000000000000
44.2000000000000
7.62100000000000
58.7300000000000
58.7900000000000
0.836000000000000
57.7300000000000
56.5300000000000
58.8100000000000
58.8100000000000
58.7800000000000
58.8100000000000
58.7900000000000
58.7700000000000
58.8000000000000
58.7600000000000
58.8800000000000
16.9100000000000
58.7900000000000
58.8000000000000
58.7800000000000
58.8000000000000
58.7900000000000
55.4800000000000
58.8200000000000
38.0300000000000
58.7900000000000
58.8100000000000
41.5500000000000
54.7900000000000
50.1700000000000
-20950
58.8000000000000
58.8000000000000
58.8400000000000
58.8000000000000
58.8100000000000
58.8100000000000
57.1500000000000
58.7900000000000
58.8000000000000
18.5400000000000
58.6000000000000
58.5100000000000
58.8300000000000
58.8000000000000
-22.3200000000000
-27.7100000000000
11790
-10900
44.5600000000000
58.8700000000000
-5.29100000000000
58.8000000000000
57.4700000000000
56.2400000000000
58.8000000000000
58.8100000000000
58.7600000000000
51.8600000000000
58.8000000000000
58.8300000000000
58.8200000000000
-64130
42.4800000000000
58.9600000000000
-24000
58.9500000000000
58.8400000000000
58.7900000000000
85.7700000000000
50.0300000000000
-10830
58.8300000000000
49.6600000000000
58.8100000000000
2.73100000000000
36.3400000000000
54.7400000000000
54.7400000000000
62.4300000000000
54.4600000000000
58.8300000000000
51.2400000000000
34.3700000000000
58.7900000000000
51.1000000000000
18670
58.8100000000000
58.8500000000000
58.8000000000000
55.8600000000000
58.8200000000000
49.1600000000000
46.6100000000000
44.8700000000000
58.4300000000000
58.8000000000000
58.7900000000000
41.6200000000000
59.1900000000000
6.77300000000000
38.3300000000000
28.4000000000000
58.7900000000000
57.4200000000000
58.8300000000000
58.8000000000000
58.8000000000000
48.4100000000000
53.5600000000000
58.7600000000000
50.6100000000000
28740
50.8900000000000
58.7700000000000
38.6600000000000
58.8200000000000
34.3000000000000
7.63300000000000
54.8300000000000
58.7400000000000
58.7800000000000
-0.171100000000000
61.1600000000000
-11.8000000000000
51.5700000000000
38.9700000000000
56.4600000000000
44.8700000000000
52.6300000000000
55.8900000000000
-2645
59.4200000000000
25.7600000000000
17.4300000000000
5.18800000000000
2.16900000000000
-5.52800000000000
-7.38300000000000
60.7300000000000
146.600000000000
58.8000000000000
58.8100000000000
58.8100000000000
13.6600000000000
58.7900000000000
-50680
59.5600000000000
34.7600000000000
58.7800000000000
42.0300000000000
24.6000000000000
-27770
58.7800000000000
33.6800000000000
-516700
45.4300000000000
58.8200000000000
57.5100000000000
-14190
61.0900000000000
-5.00200000000000
14.3700000000000
71.0400000000000
49.4100000000000
58.8100000000000
62.4200000000000
54.9200000000000
70.3900000000000
7196
59.4800000000000
59.2500000000000
59.3200000000000
996.900000000000
66230
58.5200000000000
13630
60.5100000000000
58.9000000000000
63.1000000000000
64.3300000000000
57.2800000000000
53.4200000000000
64.7400000000000
54.6700000000000
86.7200000000000
56.2800000000000
-563.800000000000
40.1100000000000
40.7100000000000
72.2600000000000
55.7800000000000
-1336
67.3800000000000
22730
-287.400000000000
89.2800000000000
88.8800000000000
528.700000000000
146700
-39560
86.3600000000000
3409
87.6600000000000
-33420
85.6500000000000
19930
-519.200000000000
64420
57.4200000000000
74.4100000000000
-1707
85.3300000000000
14040
-117400
18030
-180500
49400
99.0700000000000
40.8000000000000
135.500000000000
78.8400000000000
81.5300000000000
20.4400000000000
72.9900000000000
58.7600000000000
48.3300000000000
71.8800000000000
26350
-73860
30.1300000000000
-42830
69.7000000000000
37.6200000000000
15680
28.7000000000000
58.8300000000000
44.9100000000000
104.200000000000
43.7100000000000
-1408
58.8600000000000
-23.5900000000000
25.4000000000000
-140400
80.2000000000000
-90140
30650
111.100000000000
103.800000000000
-358000
71.6700000000000
46.6800000000000
112.600000000000
-93320
296000
21.8800000000000
62.8300000000000
12.8900000000000
27960
-26.1200000000000
23550
5038
76.1600000000000
72.4600000000000
-6397
88.0900000000000
-50.7600000000000
69.4300000000000
110.300000000000
31.2900000000000
60.5300000000000
53.3900000000000
58.7600000000000
-3.96900000000000
56.7300000000000
58.9600000000000
55.7700000000000
42.6300000000000
59.2900000000000
61.1600000000000
58.8500000000000
14.5600000000000
59.3200000000000
46.2000000000000
47.8800000000000
-2925
20.3200000000000
51.1500000000000
12
52.8300000000000
46.6900000000000
48.8600000000000
43.7400000000000
46.9400000000000
44.4900000000000
47.6900000000000
24.9300000000000
58.9700000000000
47.7500000000000
58.7700000000000
53.2800000000000
57.6100000000000
41.4200000000000
42.0900000000000
48.8600000000000
35.2200000000000
58.8100000000000
-7.12300000000000
58.7500000000000
60.3600000000000
58.8800000000000
59.6100000000000
75.4900000000000
58.7600000000000
58.8000000000000
32.8100000000000
62.4500000000000
58.7700000000000
35.5000000000000
44.9100000000000
44.7300000000000
61.8000000000000
47.6100000000000
63.4900000000000
56.8600000000000
35.3000000000000
30.8900000000000
61.6400000000000
-7924
61.7500000000000
47.3900000000000
7.69500000000000
-17.4900000000000
43.1300000000000
51.9100000000000
-107.900000000000
58.7900000000000
58.7700000000000
-16.2100000000000
58.7900000000000
6.90600000000000
58.9300000000000
58.7900000000000
43.3800000000000
58.8100000000000
46.8500000000000
53.7600000000000
58.8200000000000
52.7100000000000
58.7900000000000
58.8800000000000
58.7800000000000
58.8200000000000
54.9100000000000
60.6800000000000
58.8000000000000
57.8100000000000
54.7300000000000
58.8000000000000
90.4500000000000
58.8200000000000
47.3500000000000
58.8200000000000
-1866
59.7000000000000
58.8800000000000
6.11100000000000
46.3400000000000
58.7900000000000
-32450
58.1500000000000
46.8200000000000
61.0400000000000
83.1100000000000
58.8000000000000
58.8200000000000
77.4900000000000
58.8300000000000
79.9300000000000
58.8300000000000
78.8500000000000
56.5100000000000
28.5300000000000
74.9500000000000
-195000
11.8100000000000
40850
58.6000000000000
47.9300000000000
-7992
58.8200000000000
109.600000000000
1512
6.52500000000000
21.9300000000000
47.3000000000000
58.8000000000000
-0.595000000000000
58.7700000000000
26.5400000000000
59.7600000000000
58.8100000000000
58.7900000000000
58.8000000000000
58.8100000000000
58.5200000000000
194.200000000000
15.9900000000000
11.2900000000000
43.3500000000000
82.5700000000000
54.4600000000000
44
48.7000000000000
59.8300000000000
31.1700000000000
44.0800000000000
58.8400000000000
58.8300000000000
32.2300000000000
60.4000000000000
58.7500000000000
46.1400000000000
59.8400000000000
51.5500000000000
59.2000000000000
58.5600000000000
7.21500000000000
50.7500000000000
58.6200000000000
60.5900000000000
53.7100000000000
47.7900000000000
68.1900000000000
52.0500000000000
59.8100000000000
61.0100000000000
129
42030
57.2400000000000
54.3100000000000
54.4200000000000
59.9600000000000
63.1100000000000
60.5400000000000
58.4900000000000
38.1700000000000
53.1300000000000
58.7800000000000
74.5200000000000
27.8500000000000
24760
-13.2100000000000
66.1200000000000
53.2300000000000
43.3600000000000
58.8100000000000
11.9900000000000
57.8000000000000
-22.4100000000000
53.6100000000000
65460
52.8400000000000
72.7900000000000
52.5800000000000
46.2700000000000
73.9800000000000
48.2100000000000
67.6400000000000
62.7400000000000
49.2200000000000
44.4300000000000
82.7900000000000
144.500000000000
65.5100000000000
82.5700000000000
46.4700000000000
72.9300000000000
43.2900000000000
19.2900000000000
58.8000000000000
36.3100000000000
56.9200000000000
55.1700000000000
147800
63.2600000000000
78.5100000000000
75.0300000000000
11010
77.3600000000000
60.5300000000000
91.9400000000000
15990
77.6400000000000
76.7100000000000
62.3700000000000
94.0700000000000
54.2300000000000
22500
55.1900000000000
57.8100000000000
145.200000000000
57.6600000000000
86.2600000000000
143.800000000000
35670
76.6500000000000
74.8400000000000
4218
3770
84.0600000000000
72.7500000000000
98.6200000000000
40.2000000000000
84.1300000000000
92.9800000000000
354600
78.8800000000000
62.1000000000000
-99210
46160
55070
28200
99.1300000000000
-37260
87.5800000000000
-8785
102100
30270
2510
51720
86.9300000000000
40230
61.9900000000000
3170
10320
112.900000000000
-87.0600000000000
71.0500000000000
86.4300000000000
15440
-2970
-1709
64360
62.6800000000000
27.1500000000000
22.6000000000000
-14.2800000000000
43.2400000000000
24.9100000000000
63160
56.2400000000000
24730
54.0400000000000
46.2500000000000
47.7300000000000
56.4600000000000
72.3600000000000
94.1200000000000
56.9400000000000
22840
53.9800000000000
1199
50.9000000000000
31.1900000000000
84830
58.7900000000000
82.4500000000000
19540
58
5.74600000000000
29.6700000000000
140.800000000000
54.4000000000000
58.0300000000000
38.9800000000000
79.4300000000000
66680
54.4800000000000
46.3200000000000
82
90.6900000000000
-12.2100000000000
64.0500000000000
46.1300000000000
20980
131
72.2500000000000
67460
16780
69.7700000000000
31830
12210
15240
50870
-7734
88.3300000000000
823.100000000000
-40400
109.800000000000
51610
11550
-46090
71.3100000000000
4587
73.9200000000000
53.3200000000000
250100
90.5400000000000
97.3300000000000
5.84000000000000
87.9800000000000
51.9400000000000
116
-302.500000000000
14940
31.4400000000000
11180
100600
3688
31.2500000000000
929900
10030
61650
16460
40800
17960
6551
90.3400000000000
95540
76.9300000000000
-116900
32300
-85450
175.300000000000
7340
63.7200000000000
8042
77.4800000000000
83
104.300000000000
31160
23.5300000000000
104.300000000000
58.8700000000000
96.3200000000000
18.3800000000000
57980
103
58.8100000000000
65.1000000000000
56.5700000000000
72.0900000000000
58.8100000000000
47.6200000000000
107
71.6100000000000
50.3000000000000
60.3100000000000
73520
83.4200000000000
91.6500000000000
-12.4900000000000
3126
49.7900000000000
57.7000000000000
1807000
89.6200000000000
64.9900000000000
-128300
71.5000000000000
164.600000000000
107000
-146000
35.6700000000000
70.5800000000000
44.4400000000000
82.5600000000000
-9920
68.9300000000000
876.900000000000
86.5700000000000
-11030
16200
83.8600000000000
34240
-105500
170.100000000000
93.7200000000000
-33230
87.7300000000000
-40400
98.9400000000000
10690
72590
854.300000000000
208.200000000000
-38510
27130
6798
60.3400000000000
106.700000000000
2397
143700
-47750
-72.7000000000000
-22250
11150
98.6800000000000
-18690
110000
6724
862.600000000000
86.1300000000000
89.0200000000000
-98.3300000000000
61200
85.2100000000000
34990
888.300000000000
-34280
-263900
81030
9537
66.5700000000000
32390
-497.200000000000
76.7900000000000
76.4800000000000
44300
311.500000000000
73.8200000000000
526100
49.9100000000000
-56730
49.5700000000000
-55670
110.300000000000
93.7900000000000
22230
6865
121600
66.0400000000000
78.7500000000000
33.1500000000000
545
15710
4547
-3722000
58940
73980
93.5900000000000
102.300000000000
34.8700000000000
25080
25.5500000000000
264.100000000000
-114900
1796
24290
686.300000000000
-63050
43.7700000000000
113.100000000000
228100
289.200000000000
12300
74.7400000000000
-127300
85.8000000000000
168300
-2318
126100
57770
-45070
4995
31480
50420
-51310
17190
111900
30.2000000000000
462.500000000000
-82160
64.1100000000000
102800
93.2500000000000
-87810
332
2571
-83640
2477
44.7400000000000
89.3300000000000
13500
492600
-62470
21680
9153
-51110
-35850
16650
-115.200000000000
24060
109.900000000000
210.400000000000
-19490
90.4600000000000
83.6400000000000
47.3100000000000
16840
152.300000000000
31.3200000000000
81800
45610
53.2600000000000
42920
107.200000000000
94.4900000000000
82.5100000000000
-2.99500000000000
-68970
106.300000000000
69260
101600
85
79.3700000000000
17.6100000000000
-98230
114.100000000000
-172.900000000000
168
297.300000000000
5.93800000000000
-271800
411100
63670
-2598000
-205.900000000000
80.9300000000000
-6930
50.2600000000000
152.500000000000