72.1400000000000
-66350
-7.98100000000000
-43.9900000000000
59580000
-62.8700000000000
-7.94600000000000
38.4100000000000
12.5700000000000
19.9800000000000
48.2600000000000
-3.14000000000000
16.4800000000000
-7.46700000000000
1.59000000000000
56.6600000000000
36.3400000000000
39.7700000000000
62.2600000000000
8.65200000000000
14870
18.5200000000000
22.1700000000000
51.5400000000000
13.2500000000000
34.0200000000000
-4.88800000000000
55.7100000000000
40.0200000000000
94890
-7.87900000000000
-8.15400000000000
1707
160.700000000000
-71.6200000000000
14.0600000000000
-128300
40.3200000000000
139500
51560
1.66800000000000
31.4600000000000
3.46600000000000
-5.52300000000000
-51.5600000000000
1.66800000000000
-20.8800000000000
-4.57700000000000
-6.65500000000000
-10.9000000000000
-0.609900000000000
-8.14200000000000
-8.05900000000000
-10.7500000000000
-35.4400000000000
11.3900000000000
-11.8500000000000
-8.06200000000000
-25.7100000000000
-8.11900000000000
-8.15300000000000
-14.2800000000000
-8.20400000000000
23.9800000000000
-17.9300000000000
-11.9300000000000
-33.6900000000000
-4.81400000000000
-11.8100000000000
13580
-8.00400000000000
-9.80900000000000
5.52500000000000
38.7300000000000
-8.13100000000000
-8.09500000000000
-2.00700000000000
-42.9000000000000
-111.200000000000
-18.6600000000000
-29.7600000000000
-51.5000000000000
-32.3400000000000
11.6600000000000
-8.02500000000000
-8.57100000000000
-8.64600000000000
-0.0569900000000000
13.4800000000000
-65
-28.3900000000000
-44.3600000000000
-72.2000000000000
0.485100000000000
-7.06700000000000
13.7400000000000
6.06400000000000
18.1300000000000
8.81700000000000
20.9700000000000
9.60700000000000
-20.8000000000000
-8.19200000000000
-14.9900000000000
11.2800000000000
8.38400000000000
-16.0400000000000
-15.1400000000000
1.66200000000000
-45.7700000000000
16.7300000000000
-14.4500000000000
21.5500000000000
68920
1356
-14.8300000000000
25.9100000000000
-9.03500000000000
-8.09800000000000
-5.96000000000000
53.8500000000000
68690
-17.8900000000000
27310
-6.75600000000000
-22.7700000000000
-13.6400000000000
205.300000000000
-22.7400000000000
8.24800000000000
119100
16070
24240
-2.69500000000000
-11.5200000000000
-11.1100000000000
31.0700000000000
-3.60200000000000
32.2500000000000
136100
25.4900000000000
-5.33600000000000
-9.96600000000000
-8.11000000000000
47.2600000000000
-8.11700000000000
-0.976000000000000
-8.20400000000000
-2.23000000000000
-8.17900000000000
31.9700000000000
3.99200000000000
-13.3000000000000
-27.3900000000000
-14.8200000000000
58.1900000000000
-8.17100000000000
-75.8600000000000
1.38700000000000
-62.7100000000000
-8.13100000000000
-57.6900000000000
-8.20300000000000
6.27600000000000
-8.05700000000000
-14.1000000000000
-7.82600000000000
45.6600000000000
42.4400000000000
-29.5400000000000
-8.12700000000000
-8.19900000000000
-32.6600000000000
-28.0800000000000
26.3100000000000
-26.0500000000000
5.94100000000000
21.6800000000000
-23.8000000000000
-16.5400000000000
-8.13100000000000
-104.800000000000
-24.4500000000000
-20.1100000000000
-19.9900000000000
-25.2000000000000
-77.4900000000000
-8.17600000000000
-8.13500000000000
-8.16400000000000
-8.09900000000000
-0.578200000000000
-40.9600000000000
-8.14300000000000
0.350700000000000
-30.2900000000000
-48.4600000000000
-8.19400000000000
-8.06800000000000
-8.17900000000000
15.9000000000000
51.3000000000000
2.91100000000000
0.445200000000000
648.100000000000
-35.2100000000000
-213.100000000000
16.1400000000000
-8.02900000000000
-8.04800000000000
-8.30000000000000
-8.24300000000000
-8.11500000000000
-69.1200000000000
-8.14500000000000
-11.9600000000000
-76.6400000000000
34.2400000000000
39.7900000000000
10.2500000000000
-2.50200000000000
1.20100000000000
-0.152000000000000
132100
-14.9100000000000
-3.31500000000000
25.1300000000000
-12.0600000000000
21.4000000000000
-8.16800000000000
-80.2000000000000
9.51600000000000
-36.1400000000000
3.90100000000000
-8.16100000000000
-8.07600000000000
-8.13700000000000
7.97500000000000
-45.7700000000000
29.8600000000000
38.4900000000000
6.06400000000000
-16.8400000000000
-36.4700000000000
26.6600000000000
-32.7000000000000
-8.21600000000000
25.1600000000000
-8.12900000000000
22.9900000000000
18.2000000000000
-45.4100000000000
-8.20400000000000
-30
56.8800000000000
0.375900000000000
-14.8700000000000
-75.4300000000000
-2.78800000000000
-30.2900000000000
18.3900000000000
-10.3700000000000
-21.3500000000000
-8.15900000000000
-36.6100000000000
-32.2000000000000
-17.5400000000000
-8.16800000000000
-8.08400000000000
-7.99800000000000
-38.5800000000000
-25.2700000000000
-51.7700000000000
-8.27900000000000
-8.10000000000000
21.2700000000000
-8.17800000000000
-8.28800000000000
-82.5000000000000
-8.27200000000000
-92.7200000000000
-3.33800000000000
-31.8300000000000
-8.17000000000000
36.8000000000000
5.91300000000000
-8.05100000000000
-8.25200000000000
-8.15000000000000
-8.15600000000000
-17.0800000000000
30.7200000000000
-7.97100000000000
-44.0600000000000
9.96500000000000
9.84900000000000
-136.800000000000
-8.04400000000000
-7.98500000000000
-8.20000000000000
125500
-8.15200000000000
6.61300000000000
-8.13400000000000
30.5200000000000
-1282
-8.17500000000000
-37.2500000000000
19.7400000000000
-73.9700000000000
-29.8100000000000
-7.76500000000000
26.8500000000000
-7.93900000000000
-8.14600000000000
-8.29900000000000
-8.07700000000000
-15.0800000000000
-8.08000000000000
59.6400000000000
-7.97100000000000
-8.10400000000000
16.7700000000000
18.3700000000000
-8.14000000000000
-44.1300000000000
-8.17500000000000
-199700
-8.14900000000000
-8.13200000000000
32.4700000000000
4.92300000000000
1455
-8.09100000000000
41.8400000000000
-8.13000000000000
-8.22700000000000
-92.5000000000000
-25.7300000000000
-34
-6.90500000000000
-8.16100000000000
31.4000000000000
-8.12700000000000
-29.8000000000000
-8.02000000000000
2.64400000000000
-8.29500000000000
-34.2200000000000
-28.1000000000000
-23.4900000000000
-32.4200000000000
-8.13700000000000
-8.10100000000000
10.9600000000000
-7.96300000000000
-8.27100000000000
-7.93900000000000
-8.16400000000000
-11.2700000000000
-5316000
-43.1100000000000
-39.4700000000000
-8.08700000000000
-28.3500000000000
-41.2700000000000
-8.17900000000000
-23.8200000000000
-51.8900000000000
-12.4800000000000
-8.17600000000000
-8.18500000000000
9.06300000000000
-4.42800000000000
-8.08500000000000
-8.18800000000000
-43.2300000000000
66.2500000000000
-60890
-8.27900000000000
4.16800000000000
-18.1000000000000
18.8200000000000
-7.93000000000000
-8.19600000000000
-38.5200000000000
33.1800000000000
-85.8600000000000
5.27400000000000
-40.7900000000000
-50.9500000000000
-43.8500000000000
-8.09600000000000
23.1800000000000
-30.4600000000000
46.6300000000000
-8.09700000000000
38.5700000000000
-208.500000000000
-8.11900000000000
-5.37100000000000
-72.7900000000000
-108.200000000000
-67.7400000000000
-15.7800000000000
-8.03400000000000
-10.6000000000000
-8.05200000000000
-8.08700000000000
-29.7500000000000
-45850
8.35100000000000
-247.300000000000
-9.70500000000000
-46.4400000000000
-8.34500000000000
-8.13500000000000
-8.34400000000000
-29.1100000000000
-222.800000000000
-589.500000000000
35.0400000000000
-8.19900000000000
-8.08300000000000
-8.26700000000000
-30.3200000000000
-32.1700000000000
28.3600000000000
-8.13900000000000
29.5500000000000
-8.21800000000000
-19.1100000000000
-39.2900000000000
-31.7600000000000
-24.7700000000000
-76.8400000000000
-2687
-8.07600000000000
-19.7200000000000
-189.400000000000
7.71100000000000
40.9500000000000
10.3900000000000
-8.08900000000000
-0.736600000000000
-8.09500000000000
-14.5200000000000
-33.3200000000000
25.8300000000000
5.25100000000000
-189.900000000000
-8.04200000000000
-8.09000000000000
-7.76400000000000
10.9900000000000
-8.18700000000000
-33.5700000000000
-8.24900000000000
-8.20000000000000
-8.16900000000000
-104
-5.56500000000000
-182.500000000000
-8.19200000000000
-8.05700000000000
-8.09500000000000
-8.13700000000000
78.0100000000000
65.2600000000000
-8.02600000000000
-68.1100000000000
-40.7400000000000
75.3000000000000
184600
-53.1700000000000
-49.6200000000000
52.2600000000000
23.1600000000000
-1555
-8.13300000000000
-42.9800000000000
71950
-5.00700000000000
-114.300000000000
-7.98500000000000
6.27600000000000
-8.05300000000000
-76.2400000000000
-8.17800000000000
-32.6700000000000
-82.0200000000000
-7.79300000000000
-8.08100000000000
-8.04400000000000
38.0100000000000
-8.17200000000000
-9.82500000000000
-8.32700000000000
-8.23200000000000
-8.11100000000000
-8.13800000000000
-8.13400000000000
31.5400000000000
-0.692100000000000
-7.80000000000000
-161.300000000000
28.8900000000000
35.7000000000000
11.2700000000000
58.3100000000000
-15.1400000000000
-7.81100000000000
-8.07600000000000
-14.8000000000000
-30.2300000000000
77.7800000000000
-8.17900000000000
-8.09900000000000
-13.9300000000000
-7.39600000000000
-44.6500000000000
-337.900000000000
18.1500000000000
-8.13800000000000
-21.5500000000000
66.5600000000000
-56.4400000000000
8.53400000000000
-3.66200000000000
-36.1100000000000
-32.6300000000000
5970
116.600000000000
64.6800000000000
25.9800000000000
22.8600000000000
-8.07200000000000
-8.32300000000000
-27.7100000000000
-8.12000000000000
-18.4800000000000
17.4100000000000
-8.19600000000000
46.5300000000000
-37.9400000000000
25.5900000000000
85.6000000000000
24.7600000000000
-8.21600000000000
35.6900000000000
-27.8800000000000
33.0300000000000
-8.16300000000000
-8.10500000000000
3.50500000000000
-8.27900000000000
-7.99100000000000
21
-35.6100000000000
5.20300000000000
-8.13900000000000
56330
-8.32200000000000
-8.23400000000000
-41.2800000000000
90.0600000000000
-40.1700000000000
-11840
-30.3200000000000
18150
142.200000000000
-25.8000000000000
-8.24700000000000
-50.4100000000000
60100
-8.14300000000000
-8.18800000000000
-8.20100000000000
-37.2700000000000
-8.04700000000000
-103.400000000000
-8.12300000000000
-77.6700000000000
-39.9400000000000
-33.5200000000000
1.45600000000000
-138.600000000000
-28.2300000000000
-33.5700000000000
-36.3100000000000
-5.32000000000000
-13.0400000000000
-8.19100000000000
-9.73200000000000
-38.8200000000000
26920
-10.3500000000000
20720
1243000
-10.2600000000000
-9.24900000000000
44290
196.300000000000
27.5500000000000
-3.71600000000000
-8.37200000000000
1984
250300
667.900000000000
35580
20.4400000000000
-2444
99.1500000000000
522900
872.400000000000
21.7200000000000
7825
110.600000000000
42150
-30.1600000000000
41950
58.4600000000000
-31.3600000000000
17240000
-31080
30420
12310
-15.4600000000000
49200
-462600
21.9300000000000
-46150
21.2500000000000
36.5300000000000
-3653
-4.11600000000000
-176900
9.65100000000000
-65690
-65000
106.600000000000
-76270
-639000
59.6400000000000
73.0800000000000
-219400
3.29700000000000
435400
45.2600000000000
454.500000000000
11700
255.600000000000
134100
476800
-2.34100000000000
6.40000000000000
-5.40000000000000
33.2800000000000
537.300000000000
-6604
3.23100000000000
31
29740
-302800
16360
2686
33.2200000000000
-59650
20.6600000000000
-223.800000000000
-44100
84700
-52.0500000000000
-50.9500000000000
39.6900000000000
-8.30300000000000
-42.9200000000000
-29070
-42.3000000000000
-8.23700000000000
-58.9400000000000
21.9400000000000
-5.71600000000000
7.66600000000000
29.2900000000000
-38.2300000000000
1.86600000000000
-7.35800000000000
-9.54000000000000
-204
71.2200000000000
85.4000000000000
-1308
-16.6500000000000
51.5000000000000
21.8100000000000
10.1900000000000
-939.100000000000
-38480
56.9200000000000
84.9200000000000
19.1000000000000
13570
-115.600000000000
8.59800000000000
64.9000000000000
29.3500000000000
31.2800000000000
46.8700000000000
-55470
-85.1300000000000
-8.11300000000000
-7.40600000000000
-7.59900000000000
-1464
33.2100000000000
-448400
49.9500000000000
-8.27200000000000
30.7400000000000
27.7800000000000
3.26000000000000
16.0100000000000
32.2200000000000
44680
65.9300000000000
13.0300000000000
-29.7500000000000
22.9400000000000
34.7000000000000
-7.80500000000000
42.5300000000000
-639.400000000000
113.900000000000
29.1000000000000
-14.4600000000000
-8932
39340
45.7100000000000
17.6900000000000
37.5400000000000
-36.3300000000000
35.4700000000000
-67.5600000000000
-8.24400000000000
38.5200000000000
-7.97300000000000
-42330
-49.5400000000000
-22.9700000000000
-7.82500000000000
-43.8400000000000
61.9600000000000
-95900
-38.6700000000000
66.4300000000000
-8.14000000000000
-8.22800000000000
-5.94400000000000
34.4700000000000
12.7000000000000
27.9700000000000
13750
30.4100000000000
207.500000000000
25.5800000000000
-60.0700000000000
101.800000000000
23.7300000000000
-90.0600000000000
-8.15100000000000
-104.600000000000
-7.87600000000000
72.6200000000000
-8.25400000000000
25.6800000000000
-7.40900000000000
1.36400000000000
-8010000
65.1100000000000
-55.8300000000000
2.54100000000000
46.5100000000000
-20.9900000000000
3.01500000000000
20.3500000000000
-16.2900000000000
18.5600000000000
-284900
8.04900000000000
-412.300000000000
19.6300000000000
-2.39100000000000
23.5300000000000
-34040
-7.43700000000000
-32.8600000000000
157600
-8.18000000000000
29.1000000000000
-39.3000000000000
5.32300000000000
-7.85500000000000
24.6900000000000
-24.3600000000000
-116500
69.2400000000000
79320
-8.14400000000000
11.9700000000000
13
-163400
33.8900000000000
-8.19000000000000
-7.40400000000000
-4.11700000000000
-45.5700000000000
33140
31.8900000000000
-32520
5435
17.2100000000000
37590
-47110
-20.4400000000000
23.4300000000000
-72.4700000000000
9712
-26140
8.72400000000000
-20.5000000000000
22.4700000000000
-31.0500000000000
-21.5100000000000
-73.2700000000000
-6.86000000000000
-4504
115.300000000000
17.5700000000000
76.4700000000000
5142
-17.4900000000000
-11.8300000000000
0.124500000000000
-8.00300000000000
19.7500000000000
-1292000
47.7300000000000
-19.5100000000000
44.9100000000000
20.9800000000000
17.1400000000000
-21.8400000000000
-16.2600000000000
-17.9800000000000
66.7500000000000
-47.3200000000000
-7.88000000000000
20280
36.3200000000000
53.6500000000000
18.4600000000000
73.4800000000000
-141400
-23.6000000000000
-259400
4324
-13100
-29.7900000000000
-23.1200000000000
45.2500000000000
-26.2100000000000
14.5100000000000
46.4400000000000
-105.500000000000
-7.94100000000000
135000
54.1700000000000
-90200
-31.5000000000000
-60670
10.1300000000000
378.400000000000
3.45300000000000
59.3200000000000
-19.4300000000000
60.4500000000000
7.10800000000000
69.5500000000000
34.6000000000000
48.8500000000000
-35.9800000000000
-8.13000000000000
130.200000000000
-49630
-7.92400000000000
-47030
37730
-8.19200000000000
-125.400000000000
-23.8500000000000
43390
50880
-7.92500000000000
-8.37800000000000
-31.0800000000000
-11
-21720
-60.1500000000000
-7.95600000000000
34
-8.93800000000000
-51.9100000000000
34.9000000000000
45.5800000000000
71390
246.700000000000
24.4200000000000
19.7200000000000
-16.4300000000000
-94510
-20.2800000000000
32.5700000000000
36.3300000000000
-46150
-5.60500000000000
-5.03800000000000
6475
55.0400000000000
-16060
-7.87900000000000
10.3200000000000
79750
-8.16800000000000
-15.1600000000000
85.1200000000000
-8.23400000000000
7.15400000000000
56.4400000000000
36890
-8.20000000000000
22.5600000000000
-99.4400000000000
67040
49.0700000000000
-8.24300000000000
-8.28300000000000
-7.83500000000000
54.3800000000000
39.1900000000000
-31.8000000000000
-29.9300000000000
-37.7600000000000
1480
17360
-8.25000000000000
-75.3100000000000
-8.30400000000000
-8.25000000000000
-8.26100000000000
-53860
-12.3100000000000
-90990
-7.37900000000000
-45.4200000000000
-8.19500000000000
-33.7500000000000
-82.0200000000000
-32.6900000000000
56.4700000000000
-7.43700000000000
-58610
-108200
-52.1100000000000
-117
-8.20300000000000
-167.600000000000
-154.100000000000
116.600000000000
0.284800000000000
-8.13700000000000
-41.4600000000000
21280
-37.3000000000000
-41.6300000000000
30
-17.0700000000000
-243
-14.4400000000000
38.0500000000000
-16.9000000000000
-99.9400000000000
65.0500000000000
-7.39900000000000
-13830
-19.5700000000000
-69.9800000000000
-8.11700000000000
16740
1.23900000000000
-8.14300000000000
-16.8500000000000
-8.11400000000000
67.3500000000000
-12310
-8.14900000000000
-8.19100000000000
-23.2900000000000
56.0600000000000
-30.7800000000000
-57.7300000000000
-179200
-1279
-41.0800000000000
6.51100000000000
-1205
-15.7200000000000
-50.2600000000000
-193.600000000000
-8.09900000000000
-8.18600000000000
-67.2800000000000
-7.41300000000000
-12.5900000000000
-32.9100000000000
-118800
-46.2500000000000
-26.1200000000000
-14.3100000000000
-8.17900000000000
-44
19.2800000000000
-8.14700000000000
-53080
-80.3200000000000
-31.1300000000000
-8.23500000000000
-175300
-8.07200000000000
-39.1200000000000
-8.18600000000000
-38.6100000000000
-8.29200000000000
582.800000000000
-8.21800000000000
53.1800000000000
-118700
-8.20700000000000
-31.8800000000000
-183.100000000000
-31.5100000000000
-31.3800000000000
-236300
-24.5800000000000
48.8900000000000
-83.7600000000000
-8.27500000000000
18.2100000000000
-8.31600000000000
-8.19200000000000
-8.17200000000000
-8.11800000000000
-64.0500000000000
40630
-8.19300000000000
-8.18800000000000
-32.1900000000000
-24.2300000000000
110600
-132.600000000000
36.0900000000000
-9.63600000000000
10.6800000000000
460.300000000000
183900
-8.17100000000000
-53.0300000000000
-32.2900000000000
33.1300000000000
-52690
-8.17200000000000
-30.4000000000000
-39990
-8.13800000000000
-122.500000000000
-53.4300000000000
-90240
-8.33500000000000
-8.16200000000000
55530
6.90100000000000
-11.5800000000000
-8.04900000000000
35520
-8.18300000000000
-9.82200000000000
-8.20200000000000
-85.5600000000000
-8.14700000000000
-34.7400000000000
-25.3500000000000
-4662
-8.12600000000000
-58.5800000000000
-8.26000000000000
-8.26700000000000
21.8700000000000
-46.1700000000000
-42.0900000000000
-23.3400000000000
-32.8500000000000
-8.21600000000000
-19.1200000000000
-32.9800000000000
-7.42200000000000
-8.26900000000000
-19.6600000000000
-4.91500000000000
-8.15800000000000
-8.19700000000000
566600
37.4300000000000
-8.18900000000000
-13120
-35120
-41.5800000000000
-8.24900000000000
-8.41800000000000
-55.3600000000000
135
-8.18200000000000
-22510
-50.8000000000000
-8.11900000000000
4450
-8.22300000000000
-86.9300000000000
-8
-8.08300000000000
-8.13900000000000
-18.3600000000000
38.6400000000000
-627.900000000000
-8.18300000000000
-8.37900000000000
-17.2900000000000
-1.55700000000000
-60.7900000000000
-14.8200000000000
102.800000000000
-22.6000000000000
-1.33700000000000
-22.7000000000000
-26.5500000000000
11.9300000000000
-17.0300000000000
25.4800000000000
-37.7200000000000
-59.6800000000000
-97.2100000000000
-26.3300000000000
63490
-133.400000000000
-8.15200000000000
-30.9800000000000
-10.1700000000000
-8.97900000000000
-8.19000000000000
-5.50900000000000
-31.4300000000000
-523.900000000000
-37.7600000000000
-8.22400000000000
-8.27600000000000
310500
-32.3400000000000
-8.16200000000000
-52.5200000000000
28.8000000000000
-8.06600000000000
-8.18800000000000
-8.20200000000000
-8.19500000000000
-8.12200000000000
-8.14100000000000
2.17600000000000
-8.14400000000000
-13220
-8.07400000000000
-8.27500000000000
-8.16100000000000
-36.9500000000000
-8.16700000000000
-94.4800000000000
-8.11100000000000
320900
1.85500000000000
-8.16800000000000
-8.28200000000000
114100
-7.83600000000000
-8.12600000000000
-7.84000000000000
-7.37000000000000
-1.84600000000000
-8.04500000000000
-8.16200000000000
-8.15600000000000
-8.23800000000000
-8.18400000000000
-97.1400000000000
43390
-8.77000000000000
-8.20300000000000
-8.22000000000000
-77.6400000000000
-8.13400000000000
-8.14200000000000
-7.86400000000000
22.4300000000000
-16.4000000000000
-8.23800000000000
-7.70300000000000
-37.7800000000000
-8.13000000000000
-7.86400000000000
-7.77400000000000
-7.89800000000000
17.8700000000000
-7.75300000000000
-8.31900000000000
25.2100000000000
-7.76800000000000
-8.30700000000000
-8.02600000000000
-8.40000000000000
-16450
-7.95500000000000
25610
-7.93600000000000
-88980
73670
51740
-28.3100000000000
-8.20000000000000
23.1100000000000
-13.4700000000000
75.2600000000000
-8.24900000000000
-7.89600000000000
80.5100000000000
36.9700000000000
-398.600000000000
-7.88200000000000
12.8200000000000
-8.27400000000000
-7.86600000000000
-49.5500000000000
-7.99900000000000
-45.7700000000000
-7.83100000000000
-7.86400000000000
-29820000
-28.7400000000000
-7.85700000000000
-8.25000000000000
-139600
-117.400000000000
-382.900000000000
-8.21100000000000
-7.87500000000000
-8.25400000000000
-101.400000000000
-7.78800000000000
-14.4300000000000
-1.07800000000000
35.7000000000000
-55420
-4.53200000000000
-7.79500000000000
-7.86400000000000
18.7100000000000
-800
-8.33100000000000
-32.9700000000000
47.6900000000000
-7.96500000000000
-8.17900000000000
-7.39200000000000
-7.42900000000000
10.9100000000000
-8.22500000000000
-8.19500000000000
-38300
46.3700000000000
-8.22400000000000
-8.24800000000000
-8.24500000000000
-8.65100000000000
-16
-8.21900000000000
-8.13500000000000
-3.82400000000000
-39.7100000000000
-8.24200000000000
-8.22100000000000
-8.26400000000000
-8.15500000000000
-8.15000000000000
-16.0900000000000
-8.15400000000000
-8.28800000000000
-7.58000000000000
-8.27000000000000
-102.300000000000
320900
-8.22400000000000
-8.21600000000000
-8.16900000000000
-12510
-64.2800000000000
-111.300000000000
85420
128100
50.5000000000000
63.0100000000000
-7.92300000000000
-7.45600000000000
-8.22900000000000
104100
-43210
45.1200000000000
-8.09000000000000
-27.5700000000000
44.6700000000000
-7.89400000000000
-16420
-8.18700000000000
-84040
27.1000000000000
-7.44200000000000
49.7600000000000
113800
-211200
-8.14500000000000
73.9700000000000
155.800000000000
-8.18300000000000
-7.78300000000000
-8.20100000000000
-8.15900000000000
467.600000000000
180400
-8.26500000000000
-37.7400000000000
83040
-8.16400000000000
-7.34300000000000
-8.15000000000000
-9.26200000000000
85.1500000000000
45330
-26.2000000000000
-8.18600000000000
-177500
-39.0200000000000
-69.8800000000000
-8.36500000000000
-8.16000000000000
-104
-41.2700000000000
-33.0800000000000
-8.47700000000000
19.6100000000000
45120
-8.17400000000000
7.04700000000000
-8.26700000000000
45330
50.8400000000000
-61540
-65800
43390
54.5300000000000
-67820
-8.24900000000000
-77790
9.16100000000000
-8.18400000000000
-19.8800000000000
-8.19000000000000
572
-8.15500000000000
-22.0700000000000
-8.14800000000000
-29.1100000000000
-8.13200000000000
-8.30600000000000
-92950
-37930
-8.21400000000000
-30.3800000000000
40.3200000000000
-8.14000000000000
-49.2500000000000
-8.20000000000000
-26.9600000000000
-39450
-65.6200000000000
-8.16900000000000
-8.11200000000000
-8.23900000000000
-82.6600000000000
-16.5600000000000
-8.19100000000000
-25.4500000000000
-15.9400000000000
-6.12900000000000
-8.16900000000000
55310
-164500
-13.7500000000000
-29.2000000000000
-8.14400000000000
-20.0300000000000
-115300
-8.19500000000000
-81930
-100.700000000000
-134.500000000000
-11.1900000000000
-8.26500000000000
-8.18100000000000
-8.21500000000000
4.24500000000000
-8.20100000000000
-21740
55530
47.1500000000000
-80.1600000000000
-8.28000000000000
-8.15100000000000
-106200
20.6800000000000
26270
-117.500000000000
-44.3100000000000
0.0553800000000000
-95.7400000000000
20.0600000000000
-49.9200000000000
-80300
-8.23100000000000
-23.3700000000000
-45560
-44.3400000000000
-8.30900000000000
-43050
24.4200000000000
-22470
-8.54300000000000
-8.18600000000000
-44
31.0600000000000
-75.3800000000000
135
-83.0500000000000
-15.2000000000000
-8.16100000000000
-8.12400000000000
-80.0700000000000
-85.0800000000000
-8.26000000000000
48.0100000000000
-8.18200000000000
-182300
-14.4700000000000
-8.15000000000000
-65.4000000000000
-8.24500000000000
-8.18800000000000
-41.0400000000000
-8.16000000000000
-19.8700000000000
-8.09200000000000
-4563
-8.21900000000000
-8.17100000000000
-135.300000000000
36960
48.6100000000000
-8.21500000000000
-44.4900000000000
-7.83400000000000
-327000
-7.98600000000000
-8.05600000000000
-3859
-8.20200000000000
-8.21700000000000
-18.9200000000000
86.3800000000000
35.4000000000000
-8.13800000000000
88.3600000000000
-9.22900000000000
-8.18000000000000
-8.16400000000000
-526
-8.15000000000000
53.2500000000000
-8.15300000000000
-0.675500000000000
15.6600000000000
-8.27000000000000
-472.500000000000
-8.14700000000000
-7.44900000000000
38.7700000000000
33.8300000000000
-8.14600000000000
-76890
-1345
-13.3300000000000
-77.2000000000000
-34.7400000000000
-8.21700000000000
43370
-31.8200000000000
-45.9900000000000
-8.04000000000000
-13.2800000000000
30.8200000000000
-8.19100000000000
-8.24600000000000
-8.33600000000000
-87.1400000000000
-24790
-203800
-39480
-38.2200000000000
-17.4200000000000
-8.15600000000000
-8.20400000000000
31.0500000000000
-8.15500000000000
-7.79200000000000
-15700
-30.9700000000000
-8.13500000000000
-460.100000000000
103.500000000000
117700
35.1500000000000
-551600
11.3200000000000
-12.3100000000000
-8.17000000000000
-8.23400000000000
-8.15200000000000
-7.92300000000000
-8.15700000000000
-16.4100000000000
651.900000000000
-1106
53.3800000000000
-8.20900000000000
-6150
-156000
-53.5600000000000
-7.49900000000000
26.9700000000000
-43010
-8.06800000000000
1841000
-8.09400000000000
-11.4900000000000
-7.57000000000000
-8.32100000000000
-33.0200000000000
-8.20400000000000
-8.26500000000000
23.6500000000000
-32.4200000000000
-21.3100000000000
-83.3200000000000
-63.8200000000000
-38.6100000000000
-7.43200000000000
43.2400000000000
-66.5700000000000
94.0400000000000
-4.48700000000000
-7.46000000000000
-7.85600000000000
-50.8000000000000
-34.7700000000000
-44
-8.21400000000000
-17.7000000000000
-126900
-34.1900000000000
-95.8300000000000
-103100
-8.22700000000000
-8.19200000000000
-7.59800000000000
-8.20400000000000
-189.200000000000
-10.6100000000000
-20460
-138000
-8.20600000000000
-8.24000000000000
-8.20900000000000
-8.22400000000000
-38520
-15.5300000000000
-8.08300000000000
-8.13200000000000
26.1500000000000
-43.4200000000000
33.3100000000000
48.2200000000000
-8.14800000000000
-8.25800000000000
-8.07800000000000
-8.24000000000000
-9.21800000000000
-127.300000000000
24.9000000000000
-8.17100000000000
-8.19800000000000
-7.84300000000000
-8.25100000000000
-59.6900000000000
-8.09300000000000
-161.700000000000
26.8000000000000
-7.35500000000000
-21.0100000000000
-38.9100000000000
-211800
-7.45300000000000
12530
-8.13400000000000
-7.93800000000000
-45.1200000000000
-92.9300000000000
-8.26600000000000
-9.19200000000000
-8.21200000000000
-8.07000000000000
49550
-8.20800000000000
-7.96100000000000
-7.97600000000000
-7.23600000000000
-8.03200000000000
-7.36800000000000
-8.03800000000000
-7.92900000000000
-8.05000000000000
-8.21500000000000
-8.11300000000000
-16.2100000000000
75370
116600
-32.5200000000000
-7.75700000000000
-8.04800000000000
-8.11600000000000
-7.91300000000000
-8.33400000000000
-7.81600000000000
-7.86400000000000
-7.23400000000000
5.35200000000000
-7.43200000000000
33.6400000000000
-19.1400000000000
-7.24200000000000
320900
-8.18700000000000
-354.300000000000
-3.91500000000000
-72.9200000000000
2100
12970
-8.14300000000000
-7.73400000000000
124.500000000000
-8.07000000000000
320900
-10.5500000000000
85.7800000000000
18890
-0.544400000000000
8.86700000000000
26.9400000000000
-7.92700000000000
-30.6300000000000
-7.38000000000000
-130.600000000000
-7.87100000000000
-8.06300000000000
-8.17800000000000
292
-7.87100000000000
-7.84200000000000
66.9000000000000
-7.99700000000000
-8.20700000000000
14.4300000000000
-8.31800000000000
-7.98900000000000
-8.30900000000000
320900
-7.38500000000000
54.3800000000000
-7.86700000000000
-8.01700000000000
-111.600000000000
-7.89100000000000
-7.80100000000000
-7.97600000000000
-7.36400000000000
-8.23500000000000
-7.37800000000000
-8.13700000000000
-8.03400000000000
-0.311100000000000
-7.88700000000000
-7.93600000000000
-2.22500000000000
-7.84500000000000
-7.83300000000000
-8.04900000000000
71.1900000000000
-7.79500000000000
-8.01500000000000
-7.73600000000000
320900
-7.21500000000000
-8.05600000000000
-8.21000000000000
-7.79500000000000
24.5500000000000
-45.5900000000000
-7.99700000000000
-15.9100000000000
-8.23100000000000
3.47900000000000
-24030
-7.91600000000000
-7.83500000000000
-7.95400000000000
-7.98400000000000
51.1500000000000
-8.14500000000000
-1.30100000000000
-8.09200000000000
-8.21700000000000
-7.88900000000000
-8.14200000000000
18.9900000000000
-8.15300000000000
-17.3800000000000
-7.87400000000000
-8.07400000000000
-7.86400000000000
-7.26700000000000
-29.6100000000000
-7.86300000000000
-7.96600000000000
-7.86000000000000
12.7300000000000
-7.78300000000000
-7.89300000000000
-24.8800000000000
-8.08400000000000
3.50500000000000
-7.24300000000000
-7.75700000000000
-7.85900000000000
5.35200000000000
-7.81300000000000
-7.89800000000000
52.0500000000000
-7.83100000000000
-152900
-24.6600000000000
-21.5900000000000
-7.24800000000000
-7.87400000000000
-8.04100000000000
-19.1600000000000
-7.43500000000000
34.9000000000000
-8.08400000000000
-8.07900000000000
-335.900000000000
-86.9500000000000
54.6700000000000
-8.06000000000000
-7.87700000000000
-88.4100000000000
60.7100000000000
-7.32000000000000
-8.02200000000000
-8.02500000000000
155.200000000000
-8.01000000000000
-53.0500000000000
61.1800000000000
1.94200000000000
-8.66000000000000
-7.94300000000000
-7.24400000000000
-8.14200000000000
-7.83500000000000
-31.7900000000000
-8.04600000000000
-8.26000000000000
-6.80000000000000
-7.84300000000000
44910
-7.37900000000000
-86.3000000000000
54.6200000000000
-8.16600000000000
-8.09400000000000
-8.14300000000000
-8.25200000000000
320900
-8.15900000000000
-8.19100000000000
-8.29000000000000
-8.29400000000000
-7.84300000000000
-8.35500000000000
-8.16000000000000
-8.13700000000000
-8.31800000000000
-8.30100000000000
-8.19600000000000
-8.23600000000000
-7.72800000000000
-8.10200000000000
-8.03700000000000
-8.18000000000000
54.4400000000000
-7.93900000000000
-8.15600000000000
1.45300000000000
-8.14100000000000
55.1200000000000
-104500
-8.24200000000000
-50470
-23490
-53.1700000000000
-69.1600000000000
-8.14100000000000
-8.19200000000000
-8.09500000000000
19.5600000000000
-8.22300000000000
-8.07100000000000
-8.65700000000000
-8.12800000000000
-8.17300000000000
-96.4700000000000
-29.1100000000000
-51560
-8.30600000000000
-34990
-8.22700000000000
-8.15300000000000
-16.2100000000000
-25.8200000000000
-8.22300000000000
-8.12700000000000
-8.21600000000000
-8.23900000000000
13.0400000000000
-402900
-8.33700000000000
-24.5400000000000
-8.15400000000000
-130.100000000000
-33.3000000000000
-57.0400000000000
-8.32000000000000
-8.20200000000000
-8.14600000000000
-8.16900000000000
-8.22400000000000
-8.26900000000000
-8.10000000000000
-8.10300000000000
-8.09900000000000
-83.1800000000000
-8.17300000000000
-8.03500000000000
-8.43500000000000
-8.01600000000000
-8.15700000000000
-8.07900000000000
-111700
-2331
-8.19800000000000
-3075
-8.08400000000000
-8.20000000000000
-8.10600000000000
-8.15200000000000
-251400
-8.09200000000000
-8.18500000000000
-8.32200000000000
85.1700000000000
-10.8600000000000
-8.12300000000000
-7.97100000000000
-95.2700000000000
-8.27300000000000
-8.21000000000000
-8.21600000000000
-8.26200000000000
66.3600000000000
-22.9000000000000
413100
-111200
-8.08000000000000
-8.28300000000000
-8.26900000000000
-8.18800000000000
-8.11700000000000
-8.08300000000000
-8.13000000000000
-8.00300000000000
-8.28700000000000
40.0400000000000
-8.11500000000000
-7.41700000000000
-8.14900000000000
-8.20700000000000
-8.25600000000000
-22.1400000000000
-8.25000000000000
-7.33900000000000
-8.24100000000000
-7.95800000000000
21.7600000000000
-8.54300000000000
-8.07500000000000
-8.03500000000000
-7.84800000000000
-8.10700000000000
-26900
63.4900000000000
-7.84400000000000
-7.87000000000000
-8.19200000000000
36.0100000000000
-7.77900000000000
-7.83800000000000
38.5500000000000
-7.37700000000000
-7.85800000000000
-8.00200000000000
-7.30300000000000
-7.31900000000000
29.9800000000000
-8.01100000000000
-7.91200000000000
-7.86400000000000
-7.88100000000000
80840
-7.90100000000000
-7.97000000000000
-7.23400000000000
-8.08100000000000
94920
23920
-7.86600000000000
-8.40800000000000
-7.39900000000000
-14.6000000000000
-8.40600000000000
-8.20800000000000
-8.21800000000000
-8.14700000000000
-100.500000000000
-8.40100000000000
-8.26500000000000
-8.21600000000000
-8.20400000000000
-29.0400000000000
-8.17800000000000
-8.23600000000000
24.9100000000000
-8.19500000000000
-8.21600000000000
-8.12400000000000
-8.25000000000000
-172.400000000000
-8.07500000000000
98930
-8.24500000000000
-8.12400000000000
-8.23600000000000
-8.11000000000000
-7.18600000000000
-8.13800000000000
-8.14400000000000
-8.31600000000000
-8.26300000000000
-8.19700000000000
-8.07000000000000
-8.28000000000000
-51.5900000000000
-8.48500000000000
-8.06200000000000
-8.24000000000000
-8.27100000000000
-38.9200000000000
-8.19900000000000
-8.24600000000000
-8.29200000000000
54.5900000000000
-8.25600000000000
-39.7000000000000
-8.25900000000000
-8.27500000000000
-8.12200000000000
-8.44100000000000
-8.56500000000000
37960
-8.21200000000000
-8.23100000000000
-8.19300000000000
-8.22700000000000
-8.17300000000000
39.6300000000000
-7.99900000000000
-8.24400000000000
-8.33200000000000
85.8500000000000
-7.53000000000000
7436
-7.46500000000000
-8.27500000000000
-28.5400000000000
-30.2200000000000
-8.13300000000000
-35.6900000000000
-8.14800000000000
432400
-8.19300000000000
-83.1200000000000
-8.18100000000000
-8.21100000000000
-8.27400000000000
-8.29400000000000
-7.49400000000000
-7.99700000000000
-8.24400000000000
-8.13500000000000
1.76500000000000
-8.12200000000000
-8.31400000000000
-8.09700000000000
-8.20000000000000
-33.9200000000000
-7.41800000000000
-8.15000000000000
-7.35100000000000
-8.08400000000000
-8.06000000000000
14.3400000000000
-8.31200000000000
-7.84100000000000
-20.2500000000000
-8.26700000000000
117.900000000000
-8.21200000000000
-7.45000000000000
-8.27200000000000
-8.20900000000000
-8.24400000000000
-8.24600000000000
-190.500000000000
-8.17000000000000
-8.17600000000000
-6.80700000000000
-13.1600000000000
-8.23600000000000
-8.26800000000000
-9.07000000000000
-8.12000000000000
-8.25500000000000
-8.21500000000000
-8.05800000000000
-8.28400000000000
-7.44700000000000
-8.15700000000000
21.1900000000000
-10010
-17.6000000000000
-8.16300000000000
-8.16000000000000
54.7400000000000
-7.26800000000000
-8.20200000000000
-8.05100000000000
-747600
-8.24500000000000
-8.11400000000000
-8.25500000000000
-17.5100000000000
-8.16200000000000
-7.76000000000000
-7.43200000000000
-8.37600000000000
-87.1400000000000
-7.34600000000000
1.79900000000000
-8.25500000000000
-8.15900000000000
-8.42500000000000
-19.4000000000000
-2.52200000000000
-8.40700000000000
-8.21600000000000
-8.37000000000000
-8.43900000000000
-79.5000000000000
-8.05200000000000
-10.0300000000000
2.33100000000000
-8.17000000000000
-8.63000000000000
-7.41800000000000
-8.18800000000000
-8.20600000000000
2.60500000000000
-8.14000000000000
-8.14000000000000
-8.14100000000000
-8.16000000000000
-8.13100000000000
29.9700000000000
-8.21300000000000
20810
37.0400000000000
-22.8000000000000
23.1200000000000
18.8700000000000
4.80100000000000
-8.03600000000000
34.9200000000000
-8.20900000000000
-7.45300000000000
-8.12200000000000
-8.06200000000000
-8.07900000000000
59.7800000000000
41.2500000000000
-8.20900000000000
11.9600000000000
39.3600000000000
-7.51000000000000
-8.22100000000000
-60.4300000000000
-194.900000000000
-44.3100000000000
-39.7900000000000
-8.17400000000000
173.700000000000
69.6900000000000
-13.2600000000000
36.0800000000000
17.3900000000000
190.600000000000
68.3400000000000
44.2700000000000
-2.16700000000000
111300
68.0400000000000
22.7000000000000
238.100000000000
5877
79.8800000000000
35.4500000000000
73.7800000000000
38.1400000000000
2.09500000000000
15.9600000000000
48.2600000000000
21.3700000000000
28.0700000000000
-18530
-44.5500000000000
13870
56.1100000000000
50.7500000000000
25.2000000000000
8.23800000000000
-8.20100000000000
7.92900000000000
-38.1100000000000
31.5200000000000
33.5500000000000
36450
11.2500000000000
-44.8800000000000
19.6500000000000
-92.8300000000000
-8.14000000000000
-41.3200000000000
-66480
52.7000000000000
2.33900000000000
-10.3900000000000
-11.9800000000000
-39.1400000000000
-52.7200000000000
33.6900000000000
-8.17300000000000
1.92200000000000
-8.16300000000000
-407500
66.7200000000000
10.4400000000000
-36.8900000000000
26.6800000000000
-114700
-19.4500000000000
106.300000000000
17.4800000000000
12.3800000000000
-32.1500000000000
-3.62000000000000
38450
-16.4800000000000
-2.51900000000000
-76.4900000000000
26.7800000000000
-4.84900000000000
12.9100000000000
-27.2100000000000
-8.65900000000000
5.43400000000000
61210
-38.8100000000000
-135200
-76.8000000000000
33.0100000000000
-3661000
49.6500000000000
-3.09100000000000
37.4000000000000
461.700000000000
56.3500000000000
60970
65400
-33.2100000000000
-30.5100000000000
20400
-17.3700000000000
-30.8500000000000
43.8400000000000
-8.13300000000000
-8.07500000000000
38.8500000000000
-8.12100000000000
-37.7400000000000
77.4500000000000
72.7600000000000
-15.7500000000000
15.5000000000000
-8.23600000000000
-95.4100000000000
-8.14200000000000
-40.0900000000000
-8.18900000000000
-139.700000000000
-30.3800000000000
-8.13900000000000
-19.0500000000000
-8.05100000000000
-8.20900000000000
-8.15800000000000
17.2000000000000
7.89900000000000
34.9800000000000
43.0200000000000
56.7900000000000
-774200
90.3500000000000
-8.17400000000000
-50.1900000000000
84150
-9.06600000000000
3.48400000000000
-2.15700000000000
-9.23900000000000
9.07300000000000
41.4000000000000
29.1000000000000
11.3500000000000
-0.645800000000000
27.1700000000000
6.30300000000000
-14.8100000000000
132
106.600000000000
295.300000000000
-16.3700000000000
-7.57000000000000
21.9700000000000
-28.7400000000000
44.9700000000000
-143.500000000000
-11.0800000000000
28.1200000000000
-17.5600000000000
-33.8200000000000
-29.9600000000000
-11.1300000000000
8.89600000000000
28750
2842
244.400000000000
30.6000000000000
7.26700000000000
83.5700000000000
12.5600000000000
36.3300000000000
-58.5400000000000
-7.25700000000000
6.10400000000000
101.700000000000
3.88200000000000
-16.2300000000000
47.2300000000000
66.4700000000000
-11.4900000000000
-82.8600000000000
-52.2700000000000
-8.10700000000000
30.7900000000000
15.2100000000000
23.1000000000000
-8.11900000000000
-92670
-8.22600000000000
-65620
31.6500000000000
-8.04800000000000
14.2700000000000
-34.5400000000000
13.6200000000000
29.1800000000000
-8.08400000000000
2.25400000000000
21.7900000000000
-8.05800000000000
-8.13500000000000
-8.03400000000000
-8.11000000000000
-7.34900000000000
48.3600000000000
-90320
73.8600000000000
-85.3000000000000
-84.7300000000000
-8.17400000000000
-14.5700000000000
-7.56800000000000
-116.800000000000
-8.30500000000000
-8.09900000000000
-7.38600000000000
-8.05000000000000
-57460
-25.1700000000000
-8.03100000000000
-8.16300000000000
-8.17000000000000
25.3200000000000
-8.03400000000000
-8.13200000000000
-8.16200000000000
-8.09700000000000
-8.16300000000000
-8.16900000000000
-25.1800000000000
32.4000000000000
-41680
17.5600000000000
-8.18800000000000
-9.14400000000000
-46.9900000000000
-45.9800000000000
-8.20800000000000
23.5900000000000
-8.17900000000000
-8.26400000000000
2.52500000000000
-8.10400000000000
-8.15700000000000
-37.8800000000000
-45.7500000000000
37.7200000000000
24.0400000000000
7.62900000000000
-8.33600000000000
22.3100000000000
-8.20300000000000
22.4200000000000
-8.22500000000000
-8.11900000000000
-9.40800000000000
-15.5100000000000
113.700000000000
25.0900000000000
33.1100000000000
-8.18700000000000
735.300000000000
-77.4600000000000
-8.12400000000000
-8.24400000000000
-8.28500000000000
-8.07000000000000
-17.2400000000000
-8.06400000000000
-8.06600000000000
4.45500000000000
25.4300000000000
-7.99400000000000
-8.18300000000000
-15.1500000000000
-8.09600000000000
9.93800000000000
35.2700000000000
-8.08400000000000
54.6900000000000
-8.13800000000000
37.5900000000000
-8.12800000000000
1.51400000000000
7.69500000000000
-8.29200000000000
23.3300000000000
-8.16200000000000
-1.32600000000000
-8.13600000000000
2.17900000000000
-8.17600000000000
36.3600000000000
-8.24000000000000
-8.16100000000000
-18.3300000000000
-7.25800000000000
2.86300000000000
28.3500000000000
-8.21700000000000
-80.5800000000000
-7.31400000000000
42.8400000000000
-8.20400000000000
7.00600000000000
-8.21600000000000
-0.561700000000000
-7.97000000000000
-8.02300000000000
-11.3200000000000
54040
49.9600000000000
-7.65100000000000
-8.24100000000000
-12.6300000000000
-8.10800000000000
-10.0100000000000
7.32700000000000
-11.8800000000000
-15.0900000000000
-2.76300000000000
-8.19000000000000
65770
-5.13200000000000
156700
-8.04500000000000
15.0500000000000
-81950
34.0900000000000
-58910
3.49500000000000
-25290
113400
42300
-44950
5216
14.3900000000000
21490
64.7900000000000
14620
-55470
-5368
79580
-12.6200000000000
66990
-0.633300000000000
17.2200000000000
-26.9000000000000
303.400000000000
-90430
41290
36950
14080
67.5500000000000
63.6400000000000
-88940
-130100
-8.08900000000000
-7.39500000000000
14.7400000000000
-8.12900000000000
-34.3800000000000
0.945200000000000
61.3200000000000
-8.11700000000000
-24.1900000000000
-8.17200000000000
-6.93800000000000
-8.38000000000000
-8.18900000000000
-37.4000000000000
-60.6400000000000
-36.9300000000000
-7.41900000000000
-0.847300000000000
-8.20300000000000
40.0600000000000
-6.43400000000000
-8.16800000000000
60.4500000000000
-8.73900000000000
-39.7400000000000
46330
54570
-2.45200000000000
21270
-8.08000000000000
52950
32.9200000000000
17.8100000000000
14700
-8.16600000000000
19.7700000000000
-14.6700000000000
36
7.93300000000000
12.5700000000000
-4.58000000000000
15.8200000000000
-54.6600000000000
-72.0900000000000
-17.2000000000000
4.16500000000000
-30.7400000000000
23.5300000000000
-28.8200000000000
18.3700000000000
-8.13200000000000
-27.0500000000000
21.0500000000000
-17.1400000000000
23.0600000000000
174
-18.7200000000000
-8.23100000000000
-68.2400000000000
-65.9800000000000
-38.3000000000000
-18.0100000000000
-8.10100000000000
28.1500000000000
-1473000
-9.23600000000000
-7.95500000000000
5.49200000000000
-8.17000000000000
33.7700000000000
-67370
-8.08200000000000
-0.865200000000000
-8.16000000000000
45.3900000000000
14.1100000000000
39.6200000000000
-102.100000000000
-8.10700000000000
-8.10000000000000
-108.900000000000
-5.24700000000000
9.88400000000000
-8.12800000000000
-8.16400000000000
-8.22200000000000
-8.11000000000000
-8.17700000000000
-8.05100000000000
-8.17600000000000
-8.01100000000000
-7.92800000000000
77.7000000000000
-8.06800000000000
-8.10500000000000
-8.17900000000000
-8.34100000000000
-8.05200000000000
0.182700000000000
-8.12600000000000
34.1500000000000
-8.27000000000000
-7.39600000000000
45.2300000000000
1.64000000000000
-24.3800000000000
17010
-8.28400000000000
-8.18400000000000
-8.08700000000000
-8.18400000000000
-8.18300000000000
-8.18200000000000
-11.8000000000000
-8.25800000000000
-8.13200000000000
-40.4700000000000
-7.56000000000000
-8.73100000000000
-8.11700000000000
-8.18500000000000
-139.500000000000
-143
42980
19660
-24.1800000000000
-7.99100000000000
-150
-8.08000000000000
-9.40500000000000
-13.7600000000000
-8.20200000000000
-8.09000000000000
-8.19900000000000
9.29500000000000
-8.07000000000000
-8.13000000000000
-8.13400000000000
5753
30.1000000000000
-7.41200000000000
17600
-8.30800000000000
-8.21200000000000
-8.09700000000000
-40.1900000000000
-23.8000000000000
19200
-8.14000000000000
14.8000000000000
-8.28200000000000
32.3700000000000
46.7400000000000
1.85700000000000
1.71300000000000
51.5000000000000
2.51400000000000
-8.12900000000000
-24
54.7000000000000
-8.06500000000000
-23.5000000000000
29300
-8.08700000000000
-8.15300000000000
-8.07400000000000
-14.6800000000000
-8.12800000000000
-29.2600000000000
-35
26.5900000000000
-8.85500000000000
-8.08800000000000
-8.10400000000000
34.7200000000000
0.599600000000000
-122.600000000000
17.2600000000000
-39.9000000000000
-8.22400000000000
-11.2400000000000
-8.21300000000000
-8.17400000000000
-8.10000000000000
57.1100000000000
-19.6000000000000
-8.15700000000000
-26.1100000000000
45420
68.3300000000000
-8.13000000000000
-37.6800000000000
-8.11800000000000
-2.59300000000000
39.8600000000000
-16.8800000000000
-8.15700000000000
-8.14800000000000
-138.200000000000
32.1900000000000
-164.100000000000
-23.9700000000000
31.6400000000000
27.7500000000000
-11.8000000000000
39.0300000000000
34.1600000000000
-137400
-9.63400000000000
-76.3500000000000
-86.1400000000000
-104.800000000000
-108.600000000000
-53.1800000000000
-121.600000000000
39.3200000000000
-103.900000000000
-8.13400000000000
-8.03000000000000
-8.11200000000000
39.4300000000000
-8.22200000000000
-2111
9.68000000000000
56.9000000000000
-8.12000000000000
33.7300000000000
19.2700000000000
64720
-7.93900000000000
50.8800000000000
-328100
25.2300000000000
-8.11900000000000
-11.1300000000000
5546
28.1100000000000
60.5900000000000
59.2100000000000
-31.7100000000000
15.2400000000000
-8.13700000000000
-24.6800000000000
-16.6500000000000
17.9500000000000
26190
-10.6900000000000
-7.15500000000000
-6.93900000000000
1384
125600
-2.14700000000000
8327
-4.37400000000000
-8.52100000000000
10.5300000000000
-22.0700000000000
-11.3800000000000
5.32000000000000
15.6000000000000
50.0700000000000
-73.0400000000000
-13.6000000000000
-1462
31.3700000000000
-64.5000000000000
31.7700000000000
-22.7500000000000
-3954
11.7700000000000
25710
-21940
8.60500000000000
60.9900000000000
-22440
244700
-61380
4.63800000000000
19100
10.3700000000000
-165100
12.4400000000000
18780
-1210
104100
12.8200000000000
2.04400000000000
-4064
16.4400000000000
21560
-250500
32510
-280800
38810
280.600000000000
-3.71700000000000
20.4700000000000
-36.8900000000000
-39.8100000000000
32.6900000000000
47.1000000000000
-8.07800000000000
38.6300000000000
1.11800000000000
58710
-148000
-58.6700000000000
-238900
-0.988300000000000
43.0800000000000
15990
-245.500000000000
-8.17000000000000
26.5100000000000
82.7500000000000
29.5800000000000
1275
-8.27100000000000
-191
-55.1200000000000
-191800
16.1000000000000
-159400
48240
99.4600000000000
90.6300000000000
-702800
68.1600000000000
14.9100000000000
136.900000000000
-148100
328700
9.50200000000000
20.4800000000000
5.94200000000000
18340
-19.2200000000000
28210
17140
21.4100000000000
11.1200000000000
-27530
1.68600000000000
-40.2500000000000
2.85900000000000
120.800000000000
-44.3100000000000
31.8000000000000
5.36000000000000
-8.07700000000000
-117.400000000000
-12.7300000000000
-4.54600000000000
-14.7100000000000
53.8000000000000
6.74500000000000
33.4800000000000
-8.20200000000000
-91.7700000000000
3.79900000000000
-33
19.1900000000000
5640
-84.1100000000000
-24.8500000000000
30.0400000000000
-21.3300000000000
42.6700000000000
16.6200000000000
-19.6000000000000
15.1800000000000
9.18700000000000
19.0500000000000
46.4600000000000
-4.78500000000000
14.2700000000000
-8.05000000000000
-20.1900000000000
-10.7500000000000
-25.0200000000000
-34.4800000000000
-29.9200000000000
33.0900000000000
-8.11200000000000
-109.900000000000
-8.14400000000000
18.5900000000000
-7.81900000000000
14.5500000000000
155.600000000000
-8.01400000000000
-8.02300000000000
32.6000000000000
36.7800000000000
-8.10300000000000
53.5200000000000
0.0931500000000000
52.8500000000000
35.0200000000000
5.07100000000000
41.2100000000000
-3.53200000000000
54.4300000000000
78.3000000000000
36.1500000000000
6573
50.1100000000000
20.3900000000000
46.8700000000000
-131.700000000000
44.3900000000000
-74.1400000000000
221.700000000000
-8.06500000000000
-8.16900000000000
120.800000000000
-8.13300000000000
44.4800000000000
-7.44700000000000
-8.23200000000000
59.2100000000000
-8.08700000000000
-5.27800000000000
4.52700000000000
-8.08300000000000
-21.3100000000000
-8.15900000000000
-8.07000000000000
-8.05200000000000
-8.20600000000000
-16.6100000000000
23.8200000000000
-8.09700000000000
-10.2000000000000
-29.2000000000000
-8.09900000000000
6.70100000000000
-8.13500000000000
20.5100000000000
-8.14900000000000
-1995
11.4900000000000
-8.40900000000000
61.2800000000000
-6.23000000000000
-8.03900000000000
-13670
-9.42800000000000
59.7500000000000
29.7100000000000
53.7400000000000
-8.10800000000000
-8.30600000000000
-33.9700000000000
-8.31400000000000
-37.9000000000000
-8.18400000000000
-82.0400000000000
52.6200000000000
-124.600000000000
-32.5900000000000
264500
25.2900000000000
-59910
-8.47800000000000
-32.0900000000000
32120
-8.10000000000000
-68.4300000000000
5159
-101.700000000000
65.9400000000000
1.59500000000000
-8.07400000000000
-111.800000000000
-8.16500000000000
-75.3000000000000
6.29500000000000
-8.17200000000000
-8.16500000000000
-8.14500000000000
-8.23100000000000
-8.74900000000000
-350.100000000000
-103
-97.0400000000000
4.04200000000000
-5.67800000000000
-17.7300000000000
-13.3900000000000
16.9800000000000
11.1700000000000
53.9500000000000
28.5400000000000
-8.27400000000000
-7.89200000000000
44.7600000000000
29.1600000000000
-8.17200000000000
-22.5100000000000
-10.8400000000000
-23.9600000000000
3.22000000000000
-9.79000000000000
-122.100000000000
12.0100000000000
-8.64000000000000
-4.18400000000000
-19.3200000000000
-32.4000000000000
-29.6600000000000
-16.8100000000000
-10.8000000000000
-23.0200000000000
252.900000000000
62400
-8.49600000000000
2.98400000000000
-53.3400000000000
-5.52700000000000
9.55100000000000
24.5500000000000
-36.5800000000000
25.6600000000000
-20.5600000000000
-8.09400000000000
26.9400000000000
33.1100000000000
39260
55.6500000000000
8.14000000000000
-22.5400000000000
-41.9800000000000
-8.18800000000000
19.6800000000000
-5.78700000000000
121.300000000000
-11.7900000000000
54790
-21.1800000000000
3.89700000000000
-21.7600000000000
20.3600000000000
25.0600000000000
7.81000000000000
130.200000000000
9.87600000000000
-29.1300000000000
-16.5600000000000
0.0809400000000000
179.700000000000
6.82300000000000
29.2100000000000
17.7800000000000
3.88100000000000
-9.41400000000000
-12.9000000000000
-8.16900000000000
25.9100000000000
26.8600000000000
-16
271100
1.48600000000000
-30.6200000000000
12.3300000000000
10870
31.9700000000000
-12.2700000000000
9.87400000000000
17910
-15.3200000000000
1.43500000000000
29.6500000000000
21.7000000000000
3.05100000000000
1370
9.36300000000000
-5.78200000000000
53.8400000000000
15.4500000000000
8.14800000000000
130.700000000000
50400
-0.0179200000000000
4.19300000000000
-9444
4118
8.06900000000000
13.2700000000000
20.9900000000000
-37.3200000000000
14.5000000000000
22.2600000000000
553800
12.9200000000000
-0.779000000000000
116300
49290
38430
55010
17.6200000000000
-108700
9.29500000000000
-15080
179800
55640
494
87110
7.72300000000000
47940
-1.10000000000000
1515
11760
105.800000000000
-329.200000000000
-1.95000000000000
7.39800000000000
21090
-54130
-29220
104200
0.430200000000000
-74.6000000000000
-6.72700000000000
-114.200000000000
8.15300000000000
18.7400000000000
107100
-1.73300000000000
69890
3.42900000000000
-12.1200000000000
76.0300000000000
-13.2600000000000
2.35500000000000
22.8400000000000
-7.97800000000000
28890
-7.30600000000000
2138
-25.5800000000000
1.03200000000000
150100
-8.27400000000000
25.0200000000000
21530
42.7300000000000
-199.200000000000
-70.7000000000000
148.100000000000
-17.6700000000000
23.1500000000000
89.6900000000000
37.2700000000000
114600
-161.800000000000
22.9500000000000
-17.1100000000000
33.5500000000000
99.5800000000000
73.2300000000000
-36.0100000000000
9471
143.400000000000
-19.4100000000000
121800
7574
17.2100000000000
40990
18930
18800
91430
-20480
1.39600000000000
-30910
-44950
202.500000000000
38960
12050
-70440
37.6300000000000
5744
12.2600000000000
-20.1600000000000
510600
23.3800000000000
40.0800000000000
32.4800000000000
7.77700000000000
-1.78100000000000
45.8200000000000
-424.600000000000
-2516
-28350
3607
239800
5022
43.9300000000000
294500
12470
92810
17900
-134900
6715
7702
6.83000000000000
106200
33.7100000000000
-68530
45080
-152700
126.300000000000
3045
2.77200000000000
15070
11.1000000000000
6.33000000000000
44.3400000000000
45110
-91.5800000000000
44.3400000000000
-8.24800000000000
15.8900000000000
-80.8500000000000
66540
-28.4100000000000
-8.27800000000000
22.3900000000000
-2.95700000000000
127.100000000000
-8.10100000000000
-32.6200000000000
29.7700000000000
10.5500000000000
-13.8200000000000
-65.7300000000000
72110
5.42300000000000
29.6300000000000
-24.6900000000000
5771
-18.4000000000000
-10.5000000000000
-8332000
16.4400000000000
8.91400000000000
-265500
36.2800000000000
95.5000000000000
187700
-356100
-56.8700000000000
6.62600000000000
12.4900000000000
59.0400000000000
-16240
-21.8200000000000
-728.600000000000
110
-74620
21760
1.16300000000000
43180
-227900
223.300000000000
10.5600000000000
-69410
38.6600000000000
-44950
80.2300000000000
12230
162900
244.400000000000
305.400000000000
-406700
28780
3220
-10.4800000000000
28.1000000000000
5747
382100
-65690
99.7600000000000
-137600
7081
97.1100000000000
-72680
121500
-1977
1248
38.9000000000000
19.9100000000000
-235.600000000000
98660
50.6100000000000
41470
1663
-72540
-404300
124600
5521
39.6100000000000
23640
-2281
27.9000000000000
19.5400000000000
23440
167.100000000000
-13.1900000000000
140100
29.4700000000000
-107600
5.05100000000000
-335900
26.3100000000000
255.700000000000
14730
2000
141300
118.800000000000
55.3900000000000
59.1900000000000
352.800000000000
5078
-33080
486800
186500
46930
10.2900000000000
-28.0700000000000
3.53100000000000
-15830
46.3800000000000
236.500000000000
-140700
2223
23350
789.700000000000
-51670
55.8500000000000
31.5400000000000
-116000
207.700000000000
-35180
4.94100000000000
-230500
2.64100000000000
144300
-8341
257400
66960
-53520
-43760
42850
35720
-13320
-6883
50230
34.5700000000000
481.700000000000
-97180
22.1600000000000
141100
10.5800000000000
-159300
142.500000000000
2375
-95480
4755
114.600000000000
18.0300000000000
9449
203000
106300
-56990
38160
-25240
-152000
9450
-299.200000000000
16460
47.6300000000000
45.1500000000000
-20930
-3.44700000000000
64.7400000000000
15.8900000000000
7959
-195.300000000000
-25.6800000000000
47900
218600
46.3700000000000
25510
16.1300000000000
22.2600000000000
-8.70600000000000
92.0200000000000
-76520
6.81500000000000
-111100
-36920
53.9700000000000
92.9500000000000
32.8100000000000
28160
5.49200000000000
197.200000000000
64.1000000000000
150.400000000000
31.3300000000000
-61010
154000
-48730
-2188000
-43.7000000000000
24.1200000000000
-978.400000000000
31.6400000000000
63.7000000000000