195
-93000
124.800000000000
658.700000000000
60120000
528.300000000000
84.8600000000000
-16.8400000000000
71.3400000000000
45.3000000000000
-15.7300000000000
10.7000000000000
54.8300000000000
127
100.100000000000
-26.7600000000000
498.900000000000
-14.5300000000000
-67.5700000000000
101.900000000000
70120
54.1500000000000
-20.2700000000000
0.705100000000000
70.4100000000000
11.7300000000000
116.400000000000
-21.4600000000000
-7.21800000000000
191300
-35.8600000000000
124.600000000000
-111200
298.900000000000
-50.8900000000000
354.900000000000
-138400
-10.0200000000000
154200
22200
-31.7000000000000
-13.5700000000000
94.2300000000000
-37.6100000000000
-57.7700000000000
98.9200000000000
-39.1800000000000
35.9800000000000
119.600000000000
101.800000000000
136.800000000000
124.400000000000
124.400000000000
116.800000000000
43.5700000000000
-23.9700000000000
134.900000000000
91.3600000000000
108
-32.3600000000000
124.600000000000
-44.8600000000000
123.900000000000
41.6000000000000
54.2100000000000
-48.2000000000000
-43
112.700000000000
-39.3500000000000
61020
124.500000000000
108.800000000000
-28.7100000000000
3.43100000000000
125
41.4500000000000
-33.6200000000000
-43.3000000000000
-58.0600000000000
32.7900000000000
60.9200000000000
-52.0500000000000
39.2200000000000
-27.3500000000000
121.100000000000
123.100000000000
122.900000000000
38.5600000000000
69.7400000000000
-64.1300000000000
-14.9600000000000
-46.0600000000000
-124.100000000000
88.9000000000000
-35.1900000000000
-24.7900000000000
-27.3600000000000
57.6900000000000
-26.5600000000000
-18.9600000000000
-21
82.7500000000000
123.900000000000
118.500000000000
57.9200000000000
-26.3900000000000
101
63.2200000000000
87.4700000000000
-51.0400000000000
56.7600000000000
70.2600000000000
-17.6200000000000
77960
3140
79.1200000000000
37.2400000000000
-37.1400000000000
124.400000000000
92.7500000000000
-24.1400000000000
136700
92.5500000000000
90050
79.2600000000000
-3.09200000000000
108.400000000000
40.9600000000000
-58.4000000000000
79
131000
11190
8970
-43.1000000000000
-43.8300000000000
-44.7600000000000
-11.5000000000000
-38.4100000000000
-7.70000000000000
200300
8.78000000000000
118.800000000000
108.300000000000
124.900000000000
4.88500000000000
13.2500000000000
29.2400000000000
124
-38.3100000000000
81.0600000000000
-10.7100000000000
-31.7400000000000
108.800000000000
-50.9400000000000
66.3300000000000
9.36200000000000
124.100000000000
-51.6400000000000
101.200000000000
-72.4600000000000
124.600000000000
-114.900000000000
124.200000000000
-34.8300000000000
39.8200000000000
152.900000000000
-36.8800000000000
1.50800000000000
-4.09400000000000
-52.5900000000000
124.600000000000
123.800000000000
52.4200000000000
65.4200000000000
35.5100000000000
71.1900000000000
-29.1900000000000
-22.1800000000000
-11.9500000000000
53.3600000000000
124.300000000000
-51.8800000000000
-50.1200000000000
20.7000000000000
-39.4700000000000
-49.6900000000000
-53.6500000000000
124.500000000000
124.900000000000
123.700000000000
124.600000000000
97.8000000000000
-71.0900000000000
124.300000000000
-32.2200000000000
-53.4800000000000
-131.900000000000
123.800000000000
124.500000000000
124.500000000000
-2.26100000000000
-15.9300000000000
86
102.100000000000
-203.900000000000
-58.5300000000000
-483.100000000000
-21.6500000000000
54.8000000000000
15.9000000000000
124.400000000000
123.400000000000
125
-51.4200000000000
124.600000000000
102.900000000000
-90.3800000000000
-13.5200000000000
-6.40100000000000
-26.8600000000000
-33.4900000000000
-31.2300000000000
-30.8600000000000
-538700
65.4300000000000
-34.3700000000000
10.5800000000000
113.200000000000
-19.3800000000000
124.400000000000
-51.7900000000000
38.8600000000000
41.8000000000000
-32.3200000000000
123.600000000000
124.700000000000
124.100000000000
-27.7800000000000
-51.0400000000000
26.9400000000000
-3.94200000000000
-38.8000000000000
49.5300000000000
-63.1800000000000
-14.1300000000000
-43.4700000000000
124.100000000000
-16.6200000000000
124.900000000000
44.1400000000000
57.2800000000000
-64.1100000000000
124
-50.1300000000000
5.52600000000000
-30.3500000000000
65.4800000000000
-80.6400000000000
43.7300000000000
59.1800000000000
33.0300000000000
20.6900000000000
-39.2900000000000
124.700000000000
-64.0500000000000
-56.1500000000000
42.8800000000000
124.400000000000
44.5700000000000
21.8300000000000
34.7400000000000
73.2900000000000
471.500000000000
123.700000000000
124.600000000000
-19.8500000000000
124.500000000000
124
-52.6200000000000
123.800000000000
-54.0900000000000
-36.2900000000000
-55.4400000000000
124.800000000000
-13.5400000000000
-28.8300000000000
124.600000000000
124.100000000000
124.300000000000
124.600000000000
47.2900000000000
-10.6100000000000
6.80600000000000
-44.1400000000000
-25.1800000000000
-26.3400000000000
-51.7000000000000
124.700000000000
53.7300000000000
124
3926
124.400000000000
73.2900000000000
124.500000000000
-10.3700000000000
-28570
124.500000000000
-34.3600000000000
-20.7800000000000
-50.9100000000000
60.6200000000000
124.200000000000
-14.0800000000000
101.900000000000
124.400000000000
124.300000000000
124.600000000000
65.3800000000000
124.700000000000
-13.3000000000000
53.3800000000000
124.900000000000
-22.1100000000000
56.7500000000000
124.700000000000
-67.9900000000000
124.700000000000
-29090
124.300000000000
124.600000000000
9.47100000000000
-28.7800000000000
-1077
124.700000000000
-6.64100000000000
124
106.300000000000
-54.1400000000000
72.3000000000000
-53.9900000000000
121.500000000000
124.600000000000
-18.0200000000000
124
-53.0400000000000
124.900000000000
45.2100000000000
123.900000000000
-57.2300000000000
65.8500000000000
79.2400000000000
-53.3500000000000
124.500000000000
124.800000000000
76.0200000000000
124.600000000000
124.100000000000
59.6600000000000
124.500000000000
115.300000000000
13240000
-73.4100000000000
-79.3700000000000
124.600000000000
-50.9200000000000
-55.3800000000000
124.600000000000
78.2800000000000
-74.9800000000000
86.7600000000000
124.400000000000
124.200000000000
81.2700000000000
-33.3400000000000
124.400000000000
124.200000000000
-63.9800000000000
7.95500000000000
-403800
123.900000000000
82.8600000000000
37.1700000000000
-19.9000000000000
30.0900000000000
124
-56.7200000000000
32.2600000000000
-55.1000000000000
69.6500000000000
-69.6100000000000
-75
-72.8200000000000
124.800000000000
8.61200000000000
-52.4400000000000
-11.1000000000000
124.600000000000
4.14500000000000
-64.9200000000000
124.500000000000
-32.1300000000000
-98.1300000000000
-54.3300000000000
-51.0700000000000
57.6400000000000
124.900000000000
117.800000000000
124.800000000000
124.200000000000
2.10000000000000
-12130
-28.1300000000000
154.400000000000
112.900000000000
-66.8300000000000
123.800000000000
124.700000000000
123.700000000000
-50.6500000000000
-97.8200000000000
-728.600000000000
-14.8000000000000
124.500000000000
124.400000000000
123.500000000000
-65.1400000000000
-55.8800000000000
-15.7600000000000
124.600000000000
-14.6600000000000
124.500000000000
46.7900000000000
-61.6300000000000
102.600000000000
-19.9300000000000
-126.900000000000
-3153
124.700000000000
23.6100000000000
-101.600000000000
84.8400000000000
-0.524300000000000
77.6900000000000
124.600000000000
-34.6700000000000
124.200000000000
69.8900000000000
-53.9000000000000
37.3600000000000
91.1700000000000
-413.100000000000
124.800000000000
18.7800000000000
124.600000000000
-28.2700000000000
123.800000000000
-54.6700000000000
123.700000000000
124.300000000000
124.600000000000
-53.3600000000000
-38.3400000000000
-192.100000000000
123.600000000000
124.600000000000
124.500000000000
124.200000000000
-27.4300000000000
-14.7400000000000
123.700000000000
-54.5800000000000
-67.1700000000000
-24.4900000000000
21910
-72.2700000000000
-133.200000000000
-14.3700000000000
-18.8400000000000
-881.100000000000
124.400000000000
78.1600000000000
28760
117.900000000000
-57.6300000000000
124.900000000000
-32.5600000000000
124.700000000000
-50.9500000000000
124.100000000000
-59.2300000000000
-125.600000000000
125.100000000000
125.100000000000
125
-17.3900000000000
124.600000000000
119.300000000000
123.500000000000
123.700000000000
125
124.400000000000
124
22.7300000000000
-34.9300000000000
124.600000000000
-329.600000000000
29.3900000000000
10.3200000000000
75.4700000000000
-18.0200000000000
42.8500000000000
124.600000000000
124.400000000000
104.700000000000
-51.8200000000000
-26.1800000000000
124
124.400000000000
73.7700000000000
128.100000000000
-13.5600000000000
-293.600000000000
53.8300000000000
124.600000000000
9.37900000000000
-20.9000000000000
-78.8400000000000
-27.0200000000000
-32.7400000000000
-56.1100000000000
-56.4300000000000
82650
-47.5700000000000
-20.2600000000000
-14.8000000000000
45.1200000000000
124.600000000000
122.900000000000
66.9700000000000
58.3500000000000
35.4700000000000
59.4100000000000
124.100000000000
-8.18000000000000
31.9100000000000
-16.0300000000000
-28.4800000000000
-16.5100000000000
124.400000000000
-10.4200000000000
-41.6400000000000
-12.3200000000000
124.100000000000
124.600000000000
95.7400000000000
124.500000000000
124.700000000000
24.4400000000000
43.4800000000000
-31.5300000000000
124.400000000000
40330
124
123.600000000000
-66.6600000000000
-35.1600000000000
-62.9300000000000
23630
-51.5100000000000
29330
-61.8300000000000
72.4300000000000
124.400000000000
-75.8200000000000
-180300
123.500000000000
124.200000000000
124
49.1000000000000
124.800000000000
-51.0400000000000
124.400000000000
-52.2200000000000
29.8800000000000
49.8800000000000
-35.1000000000000
-49.1600000000000
65.0800000000000
-42.2200000000000
-61.6400000000000
118.500000000000
147.700000000000
124.300000000000
111.900000000000
-48.5000000000000
39590
154.400000000000
49120
1494000
118.900000000000
114
90160
1216
282.900000000000
-44.8700000000000
125.600000000000
20930
-767000
4919
3528
167.200000000000
8699
76.6200000000000
1209000
1283
10.9800000000000
8427
-10.1300000000000
20550
26.3800000000000
29040
9.53000000000000
7.26400000000000
8207000
117900
131900
2938
-38.0200000000000
43850
506100
135.400000000000
129500
12.6000000000000
89.2800000000000
8326
63.8400000000000
45060
75.7100000000000
572000
97800
19.3800000000000
65690
1714000
16.1700000000000
-18.2700000000000
164600
101.500000000000
359900
89.0400000000000
1051
42810
47.7200000000000
74550
-1971000
110.300000000000
100.100000000000
118.400000000000
72.9500000000000
95.3800000000000
103600
94.9100000000000
-14.4100000000000
86220
214700
41030
11170
16.1300000000000
-200.300000000000
52.9400000000000
-513.500000000000
-56630
108900
-73.2900000000000
91.4000000000000
-8.79400000000000
122.600000000000
-70.2800000000000
-27130
23.0600000000000
123.900000000000
-86.5300000000000
47.5500000000000
128
15.3500000000000
48.5500000000000
-26.3200000000000
98.9900000000000
127.200000000000
112.700000000000
-299.800000000000
-24.4300000000000
-161.100000000000
20870
51.1600000000000
24.9100000000000
-17.8300000000000
78.1400000000000
-485.400000000000
-93960
1.14300000000000
-159.900000000000
-163.800000000000
171500
-192.700000000000
9.39700000000000
19.5200000000000
62.3300000000000
34.8200000000000
-15.1400000000000
149000
-103.800000000000
124.700000000000
127.100000000000
-30.9100000000000
4316
13.6000000000000
310100
-17.3600000000000
124.200000000000
-16.9200000000000
-17.6400000000000
54.9900000000000
63.8000000000000
37.6700000000000
40060
189.500000000000
-21.2800000000000
-52.7400000000000
-19.1100000000000
-12.5700000000000
93.6100000000000
-67.3700000000000
-4742
-57.0700000000000
49.3800000000000
70.3700000000000
26900
546800
-26.6100000000000
2.26900000000000
-6.25700000000000
224.600000000000
19.6500000000000
111.400000000000
124.300000000000
-17.1900000000000
125.100000000000
64000
206.300000000000
134.400000000000
124.800000000000
-27.8500000000000
-18.9700000000000
-31110
34.4400000000000
-25.2900000000000
124.500000000000
124.800000000000
-26.4500000000000
14.9200000000000
-19.2900000000000
-7.45200000000000
-658
15.4700000000000
444.300000000000
38.1100000000000
688.900000000000
-35.2000000000000
-12.7800000000000
-141.100000000000
124.200000000000
-53.1400000000000
125.300000000000
-21.7200000000000
124.600000000000
97.4200000000000
-36.3200000000000
130
13990000
-21.4600000000000
416.400000000000
291.800000000000
-6.98700000000000
69.0100000000000
109.400000000000
47.0400000000000
76.2600000000000
56.5400000000000
129500
83.9600000000000
649.500000000000
122.200000000000
144.100000000000
36.8600000000000
194200
86.5700000000000
95.8500000000000
111100
124.700000000000
31.9100000000000
32.6800000000000
91.0300000000000
125.100000000000
-18.4200000000000
33.0500000000000
849900
-38.1600000000000
-153100
124.500000000000
73.4600000000000
70.9300000000000
69630
44.7400000000000
124.300000000000
126.900000000000
-14.8900000000000
111.800000000000
39630
-18
183700
6928
80.3300000000000
-239200
155900
203.100000000000
64.2500000000000
-49.0300000000000
487500
-90540
-16.7900000000000
60.1900000000000
254.300000000000
-53.3500000000000
187.500000000000
-60.4500000000000
168
351200
-50.1200000000000
-3.16000000000000
-47.1100000000000
-3523
168.900000000000
-28
15.2600000000000
124.500000000000
67.7100000000000
687600
197.700000000000
551.300000000000
-19.0100000000000
148.900000000000
-30.6700000000000
-14.8300000000000
138.100000000000
171
-29.4000000000000
130.600000000000
125.400000000000
-5330
-2.35200000000000
-15.8500000000000
114.100000000000
-33.7700000000000
135700
197.300000000000
-407800
9590
6164
217.700000000000
80.2500000000000
3.48100000000000
71.2000000000000
354
-18.0600000000000
-55.9000000000000
125.400000000000
608500
9.36200000000000
-45910
38.6200000000000
-54590
21.5600000000000
9862
94.9000000000000
-18.2000000000000
-5.61500000000000
20.4500000000000
17.1100000000000
-23.4000000000000
-16.5300000000000
-15.0700000000000
198.800000000000
124.500000000000
-65.2700000000000
121700
43.9100000000000
104000
88280
124.400000000000
-62.2400000000000
78.3700000000000
-134900
177900
125.300000000000
123.700000000000
-56.2300000000000
141.400000000000
111300
-85.6700000000000
122.700000000000
9.82600000000000
130.100000000000
-80.6400000000000
3.48400000000000
49.7700000000000
71320
2301
8.99000000000000
48.5000000000000
52.5300000000000
327300
88.6300000000000
19.9600000000000
8.06300000000000
-62890
-30.1500000000000
118.100000000000
-9706
-15.8100000000000
53950
125.200000000000
77.9900000000000
657500
124.800000000000
-45.9400000000000
-160.100000000000
124.600000000000
51.5700000000000
-11.4800000000000
-115100
124.400000000000
46.1100000000000
70.8500000000000
-207500
22.6800000000000
124.400000000000
124.200000000000
125.300000000000
-62.3800000000000
-9.37600000000000
-49.9100000000000
-52.8900000000000
37.3300000000000
36160
57480
123.900000000000
-118.500000000000
124.500000000000
123.800000000000
124.500000000000
148300
88.5600000000000
-4545
128
-72.8700000000000
124.400000000000
-49.3500000000000
-125.600000000000
146.600000000000
-17.1400000000000
127.600000000000
79290
75430
-55.0900000000000
-51.8100000000000
124.400000000000
-347.800000000000
-307.900000000000
-47.5700000000000
103
124.200000000000
-72.9400000000000
26840
38.8500000000000
25.6700000000000
26.3800000000000
328.600000000000
429
70.0400000000000
-8.95900000000000
48.5000000000000
40.3100000000000
-20.8400000000000
127.900000000000
35500
25.9800000000000
-51.2500000000000
124.700000000000
46650
59.4800000000000
124.600000000000
98.5600000000000
124.300000000000
-25.6700000000000
30650
124
123.700000000000
-31.8100000000000
-19.5200000000000
-51.9000000000000
-79.9300000000000
-143400
64.5800000000000
-65.2400000000000
184.900000000000
-535.400000000000
72.3000000000000
85.2700000000000
-60.7100000000000
124.200000000000
124.300000000000
-103
127.800000000000
111.400000000000
-34.3600000000000
193900
-75.8000000000000
71.9200000000000
106.100000000000
124.400000000000
-69.5100000000000
54.7400000000000
124.700000000000
-92440
-54.4700000000000
-51.2100000000000
124.200000000000
49790
124.500000000000
32.9900000000000
124.900000000000
-62.4300000000000
123.200000000000
10780
123.800000000000
-54.8900000000000
272400
124.100000000000
-51.3900000000000
-395.900000000000
55.3500000000000
19.9000000000000
26180
75.8600000000000
-15.6600000000000
-98.9200000000000
123.400000000000
57.4600000000000
124.800000000000
124.400000000000
124.100000000000
124.200000000000
-104.200000000000
-272700
124.100000000000
124.200000000000
53.0400000000000
77.0300000000000
146300
433.700000000000
-13.4500000000000
122.900000000000
162.700000000000
-1327
-760000
124.500000000000
-62.9700000000000
-54.4100000000000
18.2600000000000
-60050
124.400000000000
-52.2400000000000
95080
124
-147.700000000000
-119.800000000000
243600
124.500000000000
124.600000000000
51960
86.5600000000000
95.1300000000000
125.300000000000
-152500
124
111.900000000000
123.900000000000
-94.0600000000000
123.900000000000
46.0100000000000
60.9900000000000
-662
124
-59.3100000000000
123.600000000000
124.500000000000
47.4000000000000
-72.1400000000000
24.7000000000000
51.3300000000000
379.400000000000
123.700000000000
92.0100000000000
221.300000000000
128
123.500000000000
90.3200000000000
119.200000000000
124.500000000000
124
-1925000
-6.85700000000000
124.400000000000
-9861
-2727
-66.7300000000000
123.900000000000
123.900000000000
-64.5400000000000
-57.5900000000000
124.200000000000
-15080
-78.9800000000000
124.400000000000
14090
124.100000000000
-108.700000000000
125.200000000000
125
123.900000000000
36.0700000000000
4.22700000000000
2181
124.600000000000
123.800000000000
97.5900000000000
-41.5200000000000
301.200000000000
104.800000000000
381
81.9300000000000
-33.3300000000000
81.4500000000000
-48.9400000000000
71.6300000000000
98.6800000000000
67.5100000000000
-58.0700000000000
140.700000000000
-138.800000000000
138.200000000000
210300
-70.0500000000000
124.700000000000
-51.5900000000000
118.900000000000
59.3100000000000
124.900000000000
121.700000000000
-49.1900000000000
1453
-63.4100000000000
107.100000000000
124.400000000000
2396000
52.7300000000000
124.800000000000
-92.6800000000000
-13.8500000000000
124.500000000000
124.300000000000
124.500000000000
124.100000000000
124.600000000000
124.600000000000
783.300000000000
124.600000000000
-184400
124.700000000000
124
124.700000000000
-56.0400000000000
124.300000000000
42.8100000000000
124.700000000000
-982200
98.9500000000000
124.400000000000
123.300000000000
-356200
124.800000000000
124.600000000000
124.400000000000
127.800000000000
107.700000000000
124.800000000000
124.600000000000
124
123.500000000000
124.200000000000
-58.9300000000000
-134900
121.900000000000
124
124.400000000000
-128.200000000000
124.700000000000
124
124
46.2700000000000
53.2800000000000
123.900000000000
123.200000000000
36.5700000000000
124.600000000000
124.700000000000
123.700000000000
125.100000000000
-20.5900000000000
123.400000000000
124
38.8600000000000
124.700000000000
124
123.600000000000
123.300000000000
-6969
123.200000000000
-8801
124.200000000000
-4969
-228000
138800
107
123.900000000000
-16.1700000000000
151.100000000000
-26
124.200000000000
125.300000000000
-26.4000000000000
8.41900000000000
-344
125.200000000000
67.1200000000000
124.300000000000
125.100000000000
-70.8200000000000
124.400000000000
-51.0400000000000
124.600000000000
125.100000000000
-12860000
-51.6300000000000
125
123.600000000000
482800
-199.700000000000
2318
123.600000000000
124.500000000000
123.900000000000
555.100000000000
124.500000000000
105.700000000000
107.800000000000
11.8400000000000
-70720
119.400000000000
124.400000000000
125.100000000000
49.4600000000000
-352700
123.700000000000
-55.6900000000000
-15.3000000000000
125.700000000000
124.400000000000
127.200000000000
127.900000000000
72.8600000000000
123.600000000000
123.800000000000
103700
-15.3600000000000
124.100000000000
124.500000000000
123.700000000000
124.300000000000
56.1500000000000
123.900000000000
124.900000000000
-39.4500000000000
-69.0700000000000
124
124.400000000000
123.700000000000
124.800000000000
124.800000000000
161.900000000000
124.700000000000
123.300000000000
128.900000000000
123.300000000000
-153.600000000000
-982200
123.700000000000
124.100000000000
124.800000000000
30000
-91.3600000000000
-143.400000000000
-265700
-1108000
-22.2300000000000
27.7600000000000
125
127
124.100000000000
-324500
95330
-26.1200000000000
124.800000000000
-44.1100000000000
177.700000000000
125.100000000000
370100
124.600000000000
29920
34.2500000000000
127.200000000000
21.9800000000000
-354800
839400
124.700000000000
-25.0700000000000
-61.8200000000000
124.400000000000
124.200000000000
124.600000000000
124.800000000000
-167.700000000000
-562000
123.500000000000
36.3000000000000
-257700
124.600000000000
127.100000000000
124.800000000000
115.400000000000
-160.300000000000
-140600
71.4300000000000
124.400000000000
1911
-65.5900000000000
-58.4000000000000
124
124.700000000000
-100.100000000000
-55.3800000000000
51.1100000000000
128.300000000000
-18.9500000000000
253400
124.600000000000
86.4600000000000
124.100000000000
-140600
-37.2100000000000
139500
194400
-134900
-58.8000000000000
-11850
124.200000000000
-87040
80.9700000000000
124.700000000000
23.8500000000000
124.200000000000
-200.700000000000
124.400000000000
119.500000000000
124.400000000000
63.0900000000000
124.600000000000
124.800000000000
-4215
-32160
124.500000000000
-49.7700000000000
-6.36900000000000
124.600000000000
-63.7900000000000
124.700000000000
69.1500000000000
-4738
-96.9500000000000
124.700000000000
124.500000000000
124
-106.200000000000
52.7100000000000
124.700000000000
160.300000000000
143.900000000000
135.300000000000
124.400000000000
183000
-19270
107.900000000000
-50.7200000000000
124.700000000000
89.4800000000000
163800
124.200000000000
-6233
-57.5500000000000
-60.9400000000000
115.500000000000
124.600000000000
124.500000000000
124.100000000000
93.8300000000000
124.800000000000
67330
51960
-31.8000000000000
-50.7200000000000
124.400000000000
124.500000000000
-25760
50.9300000000000
79230
-56.9500000000000
-73.9900000000000
104.700000000000
-52.2800000000000
52.5200000000000
-73.6700000000000
210500
125
-7.29400000000000
-60290
-62.4400000000000
123.800000000000
-2779
41.2100000000000
-38390
121.200000000000
124.800000000000
-69.5100000000000
29.3800000000000
-91.1600000000000
-57.5900000000000
-51.1900000000000
104.300000000000
123.800000000000
124.500000000000
-120.300000000000
53.9600000000000
123.700000000000
-15.8300000000000
124.600000000000
644600
105.900000000000
124.600000000000
-83.0500000000000
123.600000000000
124.200000000000
-67.4900000000000
124.400000000000
22.9300000000000
125.200000000000
-2030
124.400000000000
70.4100000000000
709.300000000000
-124400
30.5200000000000
124.100000000000
-51.9900000000000
125
236900
125.200000000000
125.300000000000
125700
124.400000000000
124.100000000000
32.1000000000000
-40.9100000000000
12.7300000000000
124.500000000000
-35.0700000000000
131.200000000000
124.600000000000
124.600000000000
-207.800000000000
124.500000000000
-16.7000000000000
124.600000000000
-31.2200000000000
64.0700000000000
124.400000000000
-239
124.600000000000
128.100000000000
-15.8700000000000
-11.9500000000000
124.500000000000
133300
-819.700000000000
119.500000000000
83.6800000000000
45.7900000000000
124.200000000000
26370
-55.2000000000000
-67.4100000000000
125.100000000000
-3.63200000000000
24.6700000000000
124.700000000000
124.900000000000
124.800000000000
-143.300000000000
-14090
734200
-8806
-63.3800000000000
168.800000000000
124.600000000000
124.400000000000
-9.80400000000000
124.700000000000
-35.2300000000000
-22060
230.100000000000
124.500000000000
5762
-39.7200000000000
470300
13.3200000000000
-200500
74.9300000000000
88.0600000000000
124.500000000000
124.100000000000
123.900000000000
125.400000000000
124.600000000000
52.9500000000000
-288.200000000000
2939
-0.699800000000000
124.800000000000
15570
-21440
-78.2000000000000
127.400000000000
-13.8400000000000
-42970
124.700000000000
15820000
124.700000000000
114.800000000000
-33.6400000000000
124.500000000000
-57.6300000000000
124.200000000000
124.700000000000
-17.2700000000000
-48.7900000000000
186
-83.0300000000000
-109.600000000000
-62.4300000000000
127.100000000000
-21.7200000000000
-128.100000000000
-56.6300000000000
-31.5400000000000
127.700000000000
124.200000000000
-78.9800000000000
248
-69.5100000000000
124.300000000000
40.3500000000000
-27720
47.6700000000000
-54.0400000000000
310500
124.600000000000
124.400000000000
133
124.300000000000
202.300000000000
137.500000000000
-29340
212900
124.300000000000
124.700000000000
124.100000000000
124.200000000000
121500
60.3200000000000
78.1900000000000
125.100000000000
48.9800000000000
-87.0300000000000
-8.07900000000000
48.8300000000000
124.600000000000
124.400000000000
125.400000000000
124.800000000000
116.300000000000
-228.200000000000
39.6100000000000
124.700000000000
124.200000000000
125.400000000000
124.900000000000
-99.5900000000000
124.900000000000
638
4.74200000000000
128.600000000000
75.8000000000000
33.9700000000000
297100
127.100000000000
55580
124.700000000000
124.400000000000
-68.7100000000000
-79.6500000000000
123.200000000000
114.800000000000
124.200000000000
125.200000000000
-383800
125.800000000000
124.900000000000
123.900000000000
127.200000000000
124.700000000000
127.400000000000
124.700000000000
124.200000000000
123.900000000000
124.700000000000
124.700000000000
163.600000000000
-235600
-364100
51.7800000000000
129.200000000000
124.700000000000
125.300000000000
124.600000000000
126
125
124.700000000000
127.100000000000
233.600000000000
123.300000000000
17.1900000000000
91.4400000000000
127.100000000000
-982200
124.100000000000
1027
126.700000000000
-51.1000000000000
-608.600000000000
-28350
123.800000000000
124.800000000000
-49.7200000000000
124
-982200
-52.2400000000000
-161.500000000000
137100
106.100000000000
82.1200000000000
4.50500000000000
124.400000000000
57.5600000000000
126.900000000000
-54.4600000000000
124.300000000000
124.700000000000
124.900000000000
60.1300000000000
125.200000000000
125.100000000000
-13.1100000000000
82.7600000000000
124.300000000000
47.9500000000000
124.500000000000
124
123.600000000000
-982200
126.700000000000
-62.3800000000000
125.200000000000
125.500000000000
596.100000000000
125.300000000000
124.800000000000
124.500000000000
126.800000000000
124.100000000000
126.800000000000
124.700000000000
125
105.500000000000
125.200000000000
124.700000000000
112.100000000000
124.500000000000
124.600000000000
124.800000000000
3.37000000000000
124.300000000000
123.900000000000
125.200000000000
-982200
126.600000000000
124.800000000000
124.100000000000
124.600000000000
-17.2700000000000
13.1100000000000
125.600000000000
57.5300000000000
123.800000000000
95.7200000000000
49170
125
124.800000000000
125.200000000000
123.700000000000
8.04600000000000
124.700000000000
110.500000000000
124.500000000000
124.900000000000
125.200000000000
124.600000000000
31.7700000000000
123.900000000000
342.500000000000
125.100000000000
124.700000000000
124.900000000000
127.200000000000
105
124.500000000000
125.100000000000
125.100000000000
-22.9400000000000
124.500000000000
125.200000000000
-48.3400000000000
124.700000000000
362.200000000000
127.200000000000
123.500000000000
124.300000000000
233.600000000000
124.400000000000
124.500000000000
-16.4800000000000
124.700000000000
358900
75.5100000000000
292.400000000000
127.100000000000
124.900000000000
124.500000000000
92.0800000000000
127.200000000000
-8.26200000000000
124.700000000000
124.700000000000
1149
-53.9300000000000
-16.6300000000000
124.700000000000
124.600000000000
-134.300000000000
-18.5100000000000
127.400000000000
127.500000000000
125.300000000000
30.5000000000000
124.700000000000
-73.6700000000000
26.0200000000000
98.5700000000000
126.300000000000
124.400000000000
127.100000000000
124.500000000000
125.100000000000
54.8500000000000
124.700000000000
125
121.200000000000
124.700000000000
-139600
127.100000000000
-148.500000000000
-62.5500000000000
124.500000000000
124.700000000000
124.500000000000
124.200000000000
-982200
124.900000000000
124.500000000000
124.700000000000
125.100000000000
124.500000000000
125
124.400000000000
124.600000000000
124.700000000000
124.300000000000
124.900000000000
124.800000000000
124.500000000000
124.800000000000
45.7500000000000
124.800000000000
-13.1700000000000
123.200000000000
124.400000000000
-32.5400000000000
124.800000000000
-18.7700000000000
-4812
124.900000000000
133800
12980
-72.2700000000000
67.6200000000000
124.500000000000
124.300000000000
125.500000000000
166.500000000000
124.400000000000
125.200000000000
124.500000000000
124.700000000000
125
-129.100000000000
-52.8900000000000
110600
123.600000000000
-94140
124.700000000000
124.600000000000
101.200000000000
-48.8600000000000
13.1800000000000
124.600000000000
124.800000000000
124.200000000000
71.3400000000000
803000
124.600000000000
75.9500000000000
124.500000000000
-54.2400000000000
-52.2900000000000
-83.4200000000000
124.900000000000
102.900000000000
124.500000000000
124.200000000000
124.100000000000
124
124.600000000000
124.700000000000
124.600000000000
-97.3700000000000
124.600000000000
125
123.600000000000
125.100000000000
124.700000000000
124.800000000000
46390
4642
124.300000000000
3985
125.300000000000
124.400000000000
125.100000000000
124.600000000000
894200
124.700000000000
124.800000000000
124.500000000000
-161.100000000000
122.500000000000
124.700000000000
125.700000000000
-52.2300000000000
123.900000000000
124.600000000000
124.400000000000
124
8.20400000000000
163.500000000000
-1397000
-1713
112.600000000000
124
123.900000000000
124.800000000000
124.900000000000
124.800000000000
124.700000000000
124.600000000000
124
-4.87200000000000
124.600000000000
127
124.600000000000
124.800000000000
123.800000000000
83.2900000000000
124.800000000000
128.500000000000
124.100000000000
124.600000000000
194.300000000000
122.700000000000
124.600000000000
123.900000000000
124.500000000000
123.600000000000
127700
233.900000000000
124.500000000000
124.300000000000
123.900000000000
-2.94100000000000
124.400000000000
125.300000000000
9.85200000000000
127.500000000000
124.500000000000
125
127.300000000000
126.800000000000
26.2300000000000
125.500000000000
124.500000000000
124.500000000000
43.5000000000000
-252500
124.200000000000
125.300000000000
127.500000000000
124.600000000000
-296900
-72650
124.700000000000
121.900000000000
127.100000000000
104.700000000000
125
124.500000000000
124.200000000000
124.600000000000
-199.400000000000
124.500000000000
125
124.900000000000
124.900000000000
-51.0800000000000
124.900000000000
125.200000000000
118
124.200000000000
124.600000000000
124.800000000000
124.100000000000
-362.800000000000
125.100000000000
-308300
124.700000000000
124.900000000000
124.200000000000
124.800000000000
127.400000000000
124.500000000000
124.300000000000
124.600000000000
124.200000000000
125
124.700000000000
124.800000000000
-43.5500000000000
123.100000000000
124.600000000000
123.800000000000
124.800000000000
33.4000000000000
124.600000000000
124.700000000000
124.800000000000
-62.5500000000000
123.900000000000
-63.5600000000000
123.800000000000
124.600000000000
125.100000000000
123.500000000000
122.300000000000
38170
124.500000000000
124.100000000000
124.100000000000
124.300000000000
25.9800000000000
-5.57500000000000
124.900000000000
124.200000000000
123.700000000000
-162.700000000000
128.300000000000
293200
128.400000000000
124.800000000000
64.3100000000000
-51.5900000000000
124.500000000000
43.7100000000000
124.900000000000
-1475000
124.300000000000
-125.900000000000
124.100000000000
124.700000000000
124.800000000000
123.900000000000
127.900000000000
124.600000000000
124.800000000000
124.400000000000
99.2600000000000
124.500000000000
124.600000000000
124.600000000000
123.700000000000
48.5000000000000
128.300000000000
124.500000000000
128.700000000000
124.900000000000
124.700000000000
-23.4700000000000
124.400000000000
124.400000000000
88.7100000000000
124.200000000000
-48.7200000000000
124.600000000000
128.100000000000
124.400000000000
124.500000000000
124.300000000000
124.200000000000
-416.200000000000
124.300000000000
124.500000000000
127
109.600000000000
124.400000000000
124.200000000000
117.600000000000
124.500000000000
124.700000000000
124.700000000000
125
124.100000000000
128.300000000000
124.800000000000
-18.8600000000000
33400
96.6600000000000
124.500000000000
124.700000000000
-62.0100000000000
128.400000000000
124.500000000000
124.600000000000
1469000
123.900000000000
123.800000000000
123.800000000000
61.0600000000000
124.300000000000
124.300000000000
128.500000000000
124.800000000000
-143.300000000000
127
100.200000000000
124.100000000000
124.800000000000
124.800000000000
27
114.400000000000
124
124.700000000000
123.900000000000
122.400000000000
-52.3000000000000
125
119.200000000000
98.4000000000000
124.500000000000
119.900000000000
128.500000000000
124.600000000000
124.300000000000
98.0700000000000
124.300000000000
124.400000000000
124.300000000000
124.400000000000
124.500000000000
26.4500000000000
124.200000000000
-166900
8.29500000000000
80.6900000000000
44.1200000000000
-11.5900000000000
92.1800000000000
74.9100000000000
7.04400000000000
124.400000000000
128.200000000000
124.400000000000
125
125
-7.90800000000000
-7.89000000000000
124.600000000000
33.8600000000000
-6.07200000000000
127.500000000000
124.700000000000
73.8200000000000
31.3800000000000
-67.4100000000000
-34.6800000000000
124.800000000000
-65.8200000000000
-23.4000000000000
79.6900000000000
-17.7400000000000
59.5400000000000
-93.6300000000000
104.500000000000
-7.00500000000000
298.300000000000
-31020
584
53.6900000000000
676.500000000000
12400
100.900000000000
3.49300000000000
-30
-2.80300000000000
99.1900000000000
233.700000000000
-15.7800000000000
117.700000000000
31.7200000000000
94430
-55.1400000000000
27150
-16.3300000000000
3.60600000000000
43.6300000000000
83.2200000000000
124.200000000000
43.9700000000000
263.400000000000
159.200000000000
10.9800000000000
-35950
196.100000000000
-65.8900000000000
53.0900000000000
-57.3900000000000
124.700000000000
-48.0300000000000
32360
-16.4400000000000
175.200000000000
135.100000000000
-37.6300000000000
33.4500000000000
-93.7900000000000
-11.8700000000000
124.400000000000
99.6200000000000
124.500000000000
1276000
-25.4800000000000
77.6600000000000
-55.4400000000000
34.6700000000000
117800
177.100000000000
-76.4000000000000
36.8000000000000
177.500000000000
53.7500000000000
-25.8700000000000
11640
100.200000000000
-34.2200000000000
-50.5200000000000
30.2400000000000
119.800000000000
67.6600000000000
68.5500000000000
120.900000000000
90.4500000000000
47810
95.4400000000000
430200
478.500000000000
9.86500000000000
465400
-16.0900000000000
76.8300000000000
-4.15600000000000
-397.200000000000
-18.9700000000000
86730
116300
242.700000000000
226.700000000000
32760
97.2100000000000
-52.6300000000000
-18.1200000000000
124.500000000000
5.97400000000000
-10.6600000000000
124.900000000000
-59.4100000000000
-26.5600000000000
-23.7700000000000
102.100000000000
64.2200000000000
124.100000000000
-52.5200000000000
124.500000000000
30.2200000000000
124.300000000000
-263.800000000000
-52.9600000000000
124.600000000000
-37.7400000000000
124.800000000000
-21.5800000000000
124.500000000000
29.6100000000000
82.3700000000000
-8.46700000000000
16.9900000000000
-21.3100000000000
470100
691.100000000000
119.900000000000
139.300000000000
93820
102.600000000000
38.4000000000000
156.800000000000
121.500000000000
40.6500000000000
-16.6400000000000
19.3800000000000
204.300000000000
-26.3900000000000
33.7200000000000
52.9000000000000
170.400000000000
128.100000000000
-71.2500000000000
-122.700000000000
-33.2000000000000
-34.1500000000000
46.8600000000000
64.2500000000000
-18.5200000000000
336.200000000000
115.900000000000
-16.6500000000000
-35.2400000000000
-42.2800000000000
59.9400000000000
116
209.400000000000
11660
8490
866.300000000000
-7.57800000000000
-28.2600000000000
-30.6700000000000
39.5500000000000
-42.5500000000000
379
-25.9700000000000
-21.7600000000000
115.600000000000
54.0900000000000
100.700000000000
1.72000000000000
-13.7600000000000
-28.9700000000000
-53.4500000000000
-40.0500000000000
84.0200000000000
16.3800000000000
5.53200000000000
-19.5200000000000
74.2300000000000
64300
124.600000000000
126200
26.4500000000000
125.100000000000
67.3200000000000
46.7300000000000
-23.3700000000000
-13.3000000000000
121.200000000000
98.7300000000000
47.9000000000000
55.1900000000000
124.500000000000
125.200000000000
125.100000000000
126.600000000000
12.1900000000000
108800
-42.3400000000000
-103.400000000000
-51.7200000000000
124.500000000000
154.600000000000
-26.7200000000000
-56.6100000000000
123.900000000000
124.500000000000
126.800000000000
125.300000000000
-1820
203.600000000000
6.33000000000000
124.300000000000
124.600000000000
40.6800000000000
125
124.900000000000
124.800000000000
124.900000000000
125.100000000000
124.300000000000
-35.2900000000000
-18.0400000000000
-41050
36.3100000000000
124.900000000000
61.7000000000000
-48.4700000000000
-68.2400000000000
124.700000000000
42.6600000000000
124.800000000000
123.800000000000
98.1100000000000
45.6600000000000
125.200000000000
-59.8700000000000
-77.8800000000000
-7.70200000000000
-19.5000000000000
83.4200000000000
123.800000000000
-18.0200000000000
117.500000000000
-21.6200000000000
124
89.6500000000000
121.100000000000
103
14.5900000000000
-17.1400000000000
-12.1700000000000
124.700000000000
-238.800000000000
-111.500000000000
124.500000000000
124.500000000000
124.200000000000
68.3600000000000
-46.9000000000000
125.200000000000
103.100000000000
92.3800000000000
9.59300000000000
110.500000000000
124.800000000000
63.7300000000000
125.100000000000
-26.6800000000000
-13.1800000000000
124.800000000000
-8.57600000000000
124.900000000000
-8.11800000000000
61.6900000000000
-35.4000000000000
-27.3300000000000
123.700000000000
-19.0400000000000
124.100000000000
-31.3800000000000
124.900000000000
-31.3100000000000
124.300000000000
-10.9600000000000
124.400000000000
47.1000000000000
36.6600000000000
116.900000000000
-28.8800000000000
17.8700000000000
124.400000000000
-50.7600000000000
129.100000000000
-6.07400000000000
124.700000000000
84.9800000000000
49.7200000000000
39.7500000000000
96.9500000000000
86.3400000000000
-43.0800000000000
143900
249
118.200000000000
124.400000000000
34.8900000000000
230.300000000000
-35.0400000000000
-29.3300000000000
89.0500000000000
98.9300000000000
-33.9600000000000
1.00300000000000
95180
354.700000000000
348600
93.0400000000000
111.200000000000
259900
122.700000000000
134700
-26.6700000000000
41930
75360
297800
110700
20620
30.7500000000000
7730
-3.91600000000000
7371
141300
96610
67750
96.5600000000000
44220
65.2900000000000
-15.5900000000000
61.9400000000000
71.8900000000000
32720
19750
30480
6194
4.42000000000000
-32.9700000000000
6285
32280
124.500000000000
128.500000000000
-23.3900000000000
124.400000000000
-56.1300000000000
-29.9400000000000
-21.4700000000000
124.200000000000
77.5600000000000
124.300000000000
-31.1400000000000
123.700000000000
124.600000000000
-59
-97.2100000000000
-54.3800000000000
-35.7000000000000
-32.7900000000000
117.800000000000
-2.48800000000000
107
124.500000000000
-20.8200000000000
60.9300000000000
19.5700000000000
60760
154700
-50.4500000000000
81080
57.9900000000000
140100
87.8500000000000
150.700000000000
-100900
124.800000000000
52.5500000000000
45.0900000000000
-17.1800000000000
-24.4700000000000
12.1100000000000
15.6500000000000
-19.6800000000000
-43.7300000000000
-51.3900000000000
-35.8800000000000
-25.9400000000000
57.6000000000000
57.6000000000000
-11
45.5200000000000
124.400000000000
68.6100000000000
-4.13100000000000
-102.200000000000
17.0300000000000
660
93.5400000000000
123.900000000000
-49.9800000000000
-39.3800000000000
35.6200000000000
39.3300000000000
124.600000000000
-14.2300000000000
3216000
121
108.600000000000
89.3000000000000
124.800000000000
-11.3900000000000
139200
124.900000000000
105.800000000000
124.600000000000
-1.85500000000000
-23.1800000000000
-13.6000000000000
-56.0400000000000
59.9400000000000
125.100000000000
-51.7000000000000
42.2600000000000
133.300000000000
124.600000000000
124.600000000000
124.800000000000
124.800000000000
124.800000000000
124.700000000000
124.800000000000
125
111.100000000000
-27.3600000000000
124.900000000000
124.600000000000
124.600000000000
123.700000000000
125
71.5200000000000
124.600000000000
3.80000000000000
124.900000000000
126.800000000000
26.2400000000000
100.500000000000
237.700000000000
-8254
124.200000000000
124.700000000000
100.800000000000
124.700000000000
124.200000000000
124.300000000000
113.600000000000
124.500000000000
124.800000000000
242.600000000000
121.600000000000
122.500000000000
124
124.900000000000
-53.5900000000000
-56.5600000000000
27550
67190
-42.4300000000000
111.900000000000
-295.500000000000
124.900000000000
-35.8500000000000
107.900000000000
124.800000000000
124.800000000000
49.5700000000000
79.1700000000000
124.700000000000
124.500000000000
124.500000000000
305200
14.6900000000000
127.900000000000
115800
123.700000000000
124.200000000000
124.600000000000
-62.6900000000000
236.200000000000
43070
124.300000000000
27.3700000000000
124.300000000000
60.0400000000000
-6.30000000000000
99.7800000000000
100.300000000000
3.46300000000000
98.0400000000000
124.300000000000
237.900000000000
-62.4900000000000
125
240.600000000000
32470
125
124.600000000000
124.800000000000
48.1700000000000
124.600000000000
62.2900000000000
45.6700000000000
34.6600000000000
122.800000000000
124.800000000000
124.900000000000
13.8300000000000
-31.0100000000000
-214.700000000000
70.1200000000000
-39.0800000000000
124.500000000000
115.600000000000
124.500000000000
124.700000000000
124.700000000000
-1.92700000000000
35.8300000000000
-9.90700000000000
18.4700000000000
65090
160.900000000000
-3.15600000000000
-32.8200000000000
124.400000000000
-25.2900000000000
-12.7100000000000
98.6100000000000
122.600000000000
31.9800000000000
-259.900000000000
-14.0700000000000
-337.400000000000
77.7600000000000
-3.53600000000000
-17.2500000000000
-33.7600000000000
-8.30100000000000
-14.8500000000000
-29310
79.4600000000000
-50.7200000000000
-52.9700000000000
-51.8800000000000
-54.5600000000000
286.200000000000
-56.6200000000000
-0.559100000000000
-197
124.600000000000
54.2100000000000
124.500000000000
-16.8800000000000
124.700000000000
169600
-26.9700000000000
-14.7400000000000
124.700000000000
16.4800000000000
-15.0700000000000
168800
-36.1600000000000
-16.2100000000000
1183000
35.4600000000000
124.500000000000
115.300000000000
-7165
-15.6100000000000
-32.3000000000000
-27.3100000000000
-52.8700000000000
32.8200000000000
124.700000000000
1.03400000000000
97.8000000000000
222.100000000000
81480
105.300000000000
127.600000000000
84.5200000000000
7448
122400
64.6800000000000
38310
92.0700000000000
78.4400000000000
93.7300000000000
-1.93300000000000
87.1900000000000
89.5600000000000
-25.1100000000000
-4.50500000000000
-99.9400000000000
108.800000000000
555.500000000000
-17.9300000000000
-59.2600000000000
-10.4900000000000
105.300000000000
2550
71.4500000000000
10210
63600
-8.65100000000000
28.6400000000000
65290
320300
113900
-35.3500000000000
206400
-15.4300000000000
360300
70.2700000000000
19350
338.200000000000
104700
-23.9300000000000
-31.9800000000000
2795
-18.3900000000000
9098
65750
55350
258200
123800
309.700000000000
8.64400000000000
-29.9800000000000
-55.4400000000000
-34.5600000000000
-17.3500000000000
3.87600000000000
124.600000000000
-13.8700000000000
104
36870
20340
-47.6700000000000
525700
93.2200000000000
-12.2000000000000
5640
-139
124.500000000000
35.2200000000000
181.900000000000
9.82900000000000
-837.900000000000
123.800000000000
761.300000000000
-40.0900000000000
191400
-16.5300000000000
209200
27130
3.01300000000000
20.4100000000000
879100
169.600000000000
-23.4900000000000
31.9600000000000
264800
-1637000
50.9200000000000
-20.4800000000000
-7.33400000000000
46280
0.743700000000000
17530
-50650
43.6800000000000
-22.3300000000000
86.0600000000000
-16.9200000000000
68.8800000000000
-35.9700000000000
-237.100000000000
-42.3500000000000
-11.1900000000000
11.3300000000000
124.600000000000
-53.5200000000000
110.900000000000
-35.1600000000000
105.100000000000
-11.6000000000000
-27.6300000000000
-10.5600000000000
123.900000000000
-51.2300000000000
-29.2300000000000
-43.8500000000000
54.1100000000000
48510
-53.0500000000000
2.53600000000000
-8.58100000000000
85.1700000000000
-9.94900000000000
60.1000000000000
-34.3800000000000
48.1700000000000
-24.3700000000000
36.0400000000000
-18.8500000000000
-35.6200000000000
-23.5400000000000
96
51.8000000000000
116.800000000000
-30.6900000000000
15.3500000000000
60.2100000000000
-18.1800000000000
124.500000000000
-33.8000000000000
63.4300000000000
-20.1500000000000
69.6600000000000
-20.9300000000000
266.700000000000
125.100000000000
-22.1200000000000
-17.2000000000000
-9.34800000000000
124.900000000000
-14.3800000000000
34.8900000000000
-9.50100000000000
-7.77600000000000
-28.3600000000000
-5.30700000000000
112.100000000000
-14.7900000000000
-12.4000000000000
-10.8300000000000
-3740
5.76400000000000
36.2700000000000
-23.3400000000000
-49.4200000000000
-14.9300000000000
-70.7300000000000
-77.8400000000000
124.900000000000
22.8700000000000
-51.5800000000000
124.900000000000
-18.4500000000000
128.300000000000
124.500000000000
-4.65300000000000
124.400000000000
-29.2600000000000
51.2500000000000
124.400000000000
85.5500000000000
124.700000000000
124.600000000000
125.200000000000
124.700000000000
99.7200000000000
-18.4100000000000
125
118.800000000000
-44.7100000000000
124.900000000000
-29.3500000000000
124.700000000000
28.7800000000000
124.200000000000
1121
-24.8500000000000
123
-39.4500000000000
-33.2000000000000
60.4700000000000
35810
120.800000000000
250.700000000000
-14.7600000000000
10.3800000000000
124.600000000000
124
-59.3300000000000
123.800000000000
-57.9000000000000
124.400000000000
-96.8600000000000
-2.23900000000000
-76.4400000000000
-53.9600000000000
269400
-8.12400000000000
-100400
122.900000000000
54.1200000000000
-237200
124.500000000000
-92.7300000000000
21130
-50.3000000000000
-23.6500000000000
50.1500000000000
124.400000000000
-55.4600000000000
80.8900000000000
-51.0400000000000
-28.7500000000000
124.500000000000
124.700000000000
124.700000000000
124.200000000000
122.700000000000
1011
-156.900000000000
-52.1600000000000
24.8000000000000
-38.2100000000000
96.4400000000000
-31.8300000000000
59.5300000000000
-24.6500000000000
-17.6600000000000
29.9400000000000
124.100000000000
127.500000000000
-17.2200000000000
-9.90100000000000
92.8200000000000
204.800000000000
101.300000000000
4.10700000000000
-27.4300000000000
-36.7700000000000
-212.800000000000
72.8900000000000
123.100000000000
27.1400000000000
91.6400000000000
52.8500000000000
-54.0100000000000
-37.5000000000000
88.5200000000000
12.0900000000000
897
45490
134.800000000000
95.7700000000000
-138
48.0800000000000
-28.8800000000000
-15.2100000000000
-51.9800000000000
-18.2000000000000
87.9900000000000
-14.1100000000000
-1.89000000000000
-18.7300000000000
36580
52.4800000000000
68.8800000000000
75.5500000000000
24.9100000000000
124.800000000000
88.9300000000000
117.800000000000
-54.7000000000000
142.300000000000
-585000
86.6200000000000
87.0800000000000
60.5400000000000
43.7900000000000
222.800000000000
-25.9500000000000
182.400000000000
77.7400000000000
62.5000000000000
-32.2700000000000
-41.7900000000000
678.400000000000
8.85300000000000
-16.8900000000000
-21.7900000000000
93.0500000000000
24.9600000000000
202
124
97.5700000000000
-15.8400000000000
52.3300000000000
475000
90.9700000000000
-62.4000000000000
-20.5400000000000
3754
86.8900000000000
40.5400000000000
-27.5800000000000
5565
-49.4500000000000
-19.3400000000000
-14.1900000000000
12.1700000000000
95.4100000000000
-397800
-25.6000000000000
25.6900000000000
5.24500000000000
54.9200000000000
-31.2900000000000
390.900000000000
28310
-26.3200000000000
-44.0200000000000
-10380
1325
-29.3000000000000
46.7700000000000
15.2400000000000
-42.3900000000000
-21.1200000000000
78.2900000000000
4242000
-27.1200000000000
25.3600000000000
685200
23330
398100
45850
-6.75300000000000
71450
-18.6300000000000
8846
69150
-48320
4509
129200
-24.5300000000000
36920
57.4600000000000
7288
2163
40.9900000000000
64.9400000000000
79.7100000000000
-22.4900000000000
10860
149600
83070
105900
40.4400000000000
-51.5100000000000
-21.2100000000000
-48.2600000000000
-26.5200000000000
20.2600000000000
127700
14.9000000000000
42940
94.4600000000000
-33.0200000000000
53.5500000000000
109.100000000000
64.3500000000000
-9.08100000000000
80.6600000000000
29910
93.6300000000000
679.500000000000
72.7500000000000
-22.4600000000000
236400
123.700000000000
-12.8600000000000
15850
-5.97300000000000
-222.300000000000
-51.3500000000000
31.3300000000000
96.0900000000000
114
5.15500000000000
89.2800000000000
149100
-113.400000000000
14.5100000000000
-48.8700000000000
0.708400000000000
-50.6900000000000
160.200000000000
42.2900000000000
32520
554.100000000000
-55.6400000000000
206600
25950
55.2300000000000
18320
8225
11550
-83050
12480
-30.7700000000000
79080
110700
200.100000000000
28140
37160
123500
31.0100000000000
2657
-11.9300000000000
88.8400000000000
1263000
-5.44900000000000
156
21.6100000000000
-22.6900000000000
80.2800000000000
66.5300000000000
-91.5100000000000
23600
66920
17650
429700
2721
-18.0800000000000
2416000
5265
68500
15710
103900
27340
3282
-30.6200000000000
169900
19.1600000000000
168100
25390
7008
152.900000000000
14150
75.5000000000000
5005
-30.1700000000000
-29.1900000000000
175.900000000000
27550
-60.6500000000000
175.900000000000
123.600000000000
-8.66100000000000
-50.1900000000000
45360
-70.3700000000000
124.300000000000
-18.2500000000000
105.700000000000
211.600000000000
124.400000000000
52.2500000000000
9.39200000000000
-10.5700000000000
-35.7800000000000
-41.1300000000000
96950
7.61200000000000
-10.2000000000000
247.400000000000
1562
-35.0900000000000
-24.8100000000000
11110000
-15.1800000000000
-27.6600000000000
181000
-6.99200000000000
15.0400000000000
273200
522400
-49.4900000000000
-27.7800000000000
32.0800000000000
13.5100000000000
18260
-58.7200000000000
2626
83.9000000000000
163900
11560
-20.4600000000000
25720
187200
351.500000000000
-13.1600000000000
61210
190.900000000000
110700
93.6500000000000
4362
-274500
2019
95.7700000000000
-8737
14740
9260
118.800000000000
6.80200000000000
2214
384600
146900
1774
273100
1346
18.3300000000000
341.400000000000
-34250
32710
292.300000000000
-4.08700000000000
-13.3600000000000
158.500000000000
55530
-12.8000000000000
17720
443.700000000000
62250
347800
144600
953.800000000000
-5.79000000000000
33740
996.700000000000
-2.93000000000000
-8.76300000000000
49930
20.0700000000000
-44.0700000000000
91000
188.700000000000
97540
29.7200000000000
394900
14.6200000000000
83.5800000000000
674.500000000000
13160
46960
53.5100000000000
65.1600000000000
16.8100000000000
36.3600000000000
10040
-6306
8863000
109600
15850
-20.6100000000000
221.700000000000
9.81600000000000
-65150
-19.7600000000000
42.9500000000000
142800
1924
4265
1256
78990
-3.08200000000000
115.800000000000
223800
34.1100000000000
-26920
-24.9800000000000
205200
-35.7800000000000
47510
2703
216900
52340
31450
93050
27400
12700
66710
19590
76870
60.4600000000000
99.1500000000000
88240
-17.4400000000000
102100
-24.6600000000000
167800
96.5000000000000
519.900000000000
84850
1296
28.8500000000000
-14
1530
319200
124400
69720
115100
106200
80480
-1141
13.0600000000000
-34610
62.0300000000000
-202.900000000000
52940
128.100000000000
20.9000000000000
-20.7100000000000
-28740
29.5100000000000
0.271400000000000
-211600
89040
24.0300000000000
-110000
23.3800000000000
23.4700000000000
62.9400000000000
-159
219200
17.8300000000000
132600
109800
-88.6500000000000
-72.0300000000000
-36.0800000000000
125900
11.7200000000000
-25.9700000000000
-3.56400000000000
-120.100000000000
23.4600000000000
158200
-206100
76290
1987000
189.300000000000
44.3300000000000
13420
60.2900000000000
5.17000000000000