0.004
0.004
0.014
0.024
0.034
0.04
0.054
0.099
0.111
0.21
0.216
0.225
0.234
0.239
0.251
0.285
0.308
0.356
0.381
0.383
0.384
0.394
0.417
0.453
0.454
0.47
0.491
0.494
0.51
0.516
0.519
0.527
0.534
0.542
0.576
0.646
0.647
0.66
0.676
0.685
0.704
0.726
0.78
0.785
0.797
0.858
0.873
0.876
0.901
0.922
0.993
0.994
1.02
1.025
1.029
1.038
1.044
1.044
1.064
1.066
1.068
1.071
1.079
1.082
1.088
1.114
1.117
1.127
1.128
1.14
1.141
1.144
1.152
1.166
1.171
1.188
1.207
1.21
1.219
1.219
1.229
1.23
1.266
1.274
1.276
1.276
1.296
1.297
1.303
1.306
1.307
1.314
1.328
1.334
1.341
1.368
1.383
1.384
1.398
1.42
1.433
1.438
1.469
1.471
1.474
1.479
1.493
1.495
1.506
1.531
1.534
1.556
1.558
1.566
1.589
1.598
1.621
1.621
1.649
1.663
1.668
1.672
1.692
1.7
1.714
1.716
1.719
1.74
1.752
1.757
1.759
1.795
1.801
1.808
1.816
1.839
1.879
1.883
1.888
1.903
1.913
1.941
1.949
1.962
1.966
1.975
1.975
1.996
2.028
2.034
2.041
2.041
2.08
2.087
2.097
2.139
2.147
2.149
2.157
2.203
2.218
2.265
2.272
2.327
2.329
2.332
2.343
2.352
2.354
2.368
2.406
2.408
2.409
2.444
2.475
2.491
2.517
2.545
2.548
2.553
2.575
2.575
2.582
2.598
2.599
2.603
2.605
2.614
2.622
2.651
2.672
2.679
2.683
2.699
2.756
2.777
2.779
2.788
2.81
2.817
2.827
2.88
2.908
2.979
3.022
3.028
3.034
3.08
3.083
3.084
3.092
3.098
3.124
3.148
3.156
3.156
3.161
3.187
3.257
3.273
3.289
3.291
3.315
3.341
3.347
3.35
3.373
3.374
3.387
3.389
3.406
3.408
3.426
3.437
3.467
3.479
3.485
3.49
3.531
3.536
3.538
3.545
3.548
3.557
3.611
3.62
3.62
3.625
3.649
3.655
3.665
3.671
3.688
3.689
3.734
3.74
3.761
3.767
3.806
3.806
3.809
3.813
3.818
3.836
3.84
3.869
3.88
3.922
3.929
3.94
3.943
3.944
3.945
3.957
3.978
3.981
4.005
4.033
4.035
4.053
4.06
4.076
4.078
4.109
4.136
4.168
4.211
4.216
4.226
4.244
4.253
4.28
4.298
4.346
4.355
4.379
4.381
4.42
4.459
4.474
4.476
4.497
4.534
4.565
4.572
4.577
4.577
4.582
4.584
4.597
4.62
4.622
4.623
4.627
4.655
4.663
4.669
4.671
4.674
4.681
4.685
4.685
4.688
4.697
4.707
4.74
4.778
4.791
4.8
4.807
4.821
4.827
4.829
4.848
4.867
4.868
4.876
4.897
4.912
4.926
4.935
4.936
4.942
4.963
4.976
4.991
4.992
5.008
5.027
5.029
5.034
5.043
5.05
5.077
5.085
5.093
5.121
5.164
5.167
5.167
5.172
5.199
5.206
5.241
5.26
5.261
5.277
5.294
5.342
5.363
5.371
5.381
5.401
5.428
5.452
5.464
5.473
5.481
5.484
5.504
5.511
5.578
5.579
5.588
5.6
5.616
5.633
5.636
5.654
5.657
5.657
5.662
5.678
5.687
5.746
5.747
5.748
5.749
5.8
5.806
5.82
5.835
5.852
5.906
5.924
5.925
5.935
5.95
5.976
5.977
5.978
5.98
5.99
6.007
6.06
6.062
6.073
6.085
6.091
6.1
6.153
6.165
6.166
6.173
6.181
6.212
6.237
6.26
6.272
6.272
6.272
6.275
6.289
6.296
6.314
6.333
6.389
6.397
6.41
6.413
6.423
6.442
6.443
6.446
6.476
6.492
6.528
6.532
6.552
6.553
6.574
6.583
6.623
6.628
6.648
6.665
6.668
6.669
6.67
6.672
6.687
6.691
6.692
6.749
6.773
6.773
6.787
6.811
6.836
6.838
6.84
6.854
6.895
6.914
6.922
6.929
6.954
6.954
6.962
7.025
7.031
7.062
7.077
7.078
7.083
7.091
7.102
7.118
7.126
7.128
7.136
7.17
7.172
7.177
7.187
7.196
7.205
7.214
7.231
7.298
7.3
7.31
7.319
7.325
7.363
7.366
7.368
7.386
7.39
7.411
7.413
7.414
7.417
7.418
7.425
7.446
7.451
7.523
7.525
7.526
7.539
7.548
7.557
7.564
7.565
7.572
7.58
7.581
7.598
7.6
7.627
7.628
7.64
7.648
7.648
7.662
7.684
7.693
7.7
7.73
7.741
7.751
7.752
7.759
7.874
7.879
7.94
7.943
7.949
7.962
7.986
8.017
8.019
8.025
8.04
8.05
8.073
8.08
8.083
8.092
8.094
8.101
8.104
8.134
8.143
8.147
8.16
8.163
8.165
8.193
8.204
8.206
8.23
8.237
8.265
8.266
8.266
8.277
8.281
8.313
8.325
8.34
8.344
8.357
8.358
8.398
8.405
8.417
8.471
8.474
8.484
8.529
8.535
8.56
8.562
8.567
8.588
8.595
8.601
8.608
8.635
8.636
8.64
8.682
8.686
8.704
8.721
8.735
8.737
8.743
8.75
8.786
8.787
8.812
8.813
8.818
8.823
8.824
8.829
8.841
8.86
8.871
8.882
8.891
8.902
8.926
8.965
8.978
8.99
8.995
9.007
9.026
9.03
9.041
9.052
9.056
9.069
9.081
9.09
9.094
9.112
9.115
9.129
9.136
9.145
9.149
9.164
9.175
9.204
9.205
9.211
9.23
9.241
9.25
9.273
9.289
9.312
9.327
9.327
9.346
9.348
9.351
9.352
9.356
9.374
9.39
9.398
9.42
9.429
9.451
9.453
9.476
9.507
9.512
9.516
9.521
9.55
9.576
9.593
9.606
9.614
9.621
9.623
9.643
9.654
9.655
9.657
9.676
9.687
9.691
9.702
9.714
9.718
9.758
9.766
9.803
9.809
9.809
9.817
9.83
9.83
9.853
9.855
9.859
9.878
9.888
9.904
9.916
9.933
9.934
9.946
9.996
10
10
10.02
10.05
10.06
10.06
10.07
10.07
10.08
10.11
10.12
10.13
10.13
10.14
10.14
10.14
10.16
10.17
10.21
10.22
10.23
10.24
10.25
10.26
10.29
10.32
10.33
10.33
10.33
10.34
10.35
10.35
10.38
10.41
10.42
10.43
10.45
10.45
10.46
10.48
10.49
10.51
10.51
10.55
10.56
10.56
10.58
10.59
10.59
10.62
10.63
10.63
10.65
10.65
10.66
10.66
10.67
10.67
10.67
10.68
10.69
10.7
10.7
10.74
10.76
10.78
10.79
10.8
10.82
10.82
10.84
10.85
10.86
10.86
10.88
10.93
10.94
10.94
10.95
10.96
10.96
10.96
10.96
10.98
11
11
11.01
11.03
11.03
11.05
11.07
11.11
11.12
11.12
11.14
11.14
11.15
11.17
11.2
11.2
11.21
11.23
11.25
11.26
11.26
11.28
11.28
11.29
11.3
11.31
11.31
11.32
11.32
11.32
11.33
11.36
11.36
11.37
11.37
11.37
11.38
11.38
11.41
11.41
11.45
11.47
11.48
11.49
11.5
11.51
11.51
11.53
11.53
11.54
11.56
11.56
11.56
11.56
11.57
11.57
11.58
11.63
11.64
11.65
11.66
11.69
11.71
11.73
11.74
11.74
11.75
11.75
11.8
11.8
11.8
11.81
11.82
11.83
11.84
11.85
11.86
11.86
11.86
11.88
11.88
11.91
11.91
11.92
11.97
11.99
12.01
12.01
12.03
12.04
12.04
12.04
12.04
12.08
12.09
12.1
12.11
12.11
12.12
12.13
12.13
12.14
12.16
12.16
12.16
12.17
12.18
12.19
12.2
12.21
12.21
12.21
12.25
12.26
12.26
12.26
12.27
12.27
12.34
12.35
12.35
12.38
12.38
12.41
12.41
12.42
12.42
12.42
12.43
12.44
12.47
12.48
12.48
12.49
12.5
12.5
12.53
12.54
12.55
12.56
12.56
12.59
12.6
12.62
12.64
12.7
12.71
12.71
12.73
12.73
12.75
12.76
12.77
12.78
12.79
12.79
12.82
12.83
12.84
12.84
12.86
12.86
12.87
12.89
12.91
12.92
12.92
12.92
12.94
12.95
12.95
13.02
13.02
13.02
13.05
13.06
13.08
13.1
13.11
13.12
13.14
13.15
13.15
13.16
13.17
13.17
13.18
13.18
13.19
13.2
13.23
13.23
13.26
13.3
13.31
13.32
13.32
13.33
13.33
13.34
13.35
13.36
13.37
13.4
13.43
13.46
13.46
13.48
13.49
13.49
13.49
13.5
13.5
13.51
13.51
13.53
13.56
13.57
13.57
13.58
13.58
13.61
13.61
13.65
13.68
13.71
13.72
13.73
13.73
13.75
13.76
13.78
13.8
13.8
13.8
13.81
13.82
13.82
13.82
13.83
13.83
13.83
13.84
13.86
13.87
13.87
13.87
13.9
13.92
13.93
13.95
13.95
13.95
13.95
13.97
13.97
13.98
13.99
14
14
14
14.03
14.04
14.05
14.05
14.05
14.06
14.07
14.1
14.11
14.13
14.14
14.15
14.16
14.19
14.21
14.23
14.23
14.23
14.25
14.25
14.26
14.28
14.28
14.3
14.3
14.32
14.34
14.35
14.36
14.37
14.38
14.39
14.39
14.4
14.41
14.42
14.42
14.42
14.43
14.43
14.44
14.47
14.47
14.48
14.49
14.5
14.51
14.51
14.52
14.54
14.57
14.6
14.61
14.62
14.63
14.63
14.64
14.66
14.69
14.69
14.69
14.69
14.71
14.73
14.73
14.74
14.75
14.76
14.76
14.76
14.77
14.78
14.78
14.79
14.79
14.8
14.84
14.85
14.87
14.9
14.9
14.9
14.92
14.94
14.94
14.96
14.96
14.97
14.99
15
15
15.02
15.03
15.03
15.03
15.07
15.09
15.09
15.1
15.1
15.11
15.12
15.12
15.12
15.13
15.14
15.14
15.17
15.18
15.19
15.2
15.22
15.23
15.23
15.25
15.25
15.26
15.26
15.29
15.29
15.3
15.3
15.31
15.33
15.34
15.35
15.35
15.36
15.38
15.4
15.4
15.43
15.43
15.45
15.46
15.46
15.46
15.47
15.47
15.5
15.5
15.5
15.51
15.53
15.56
15.63
15.64
15.65
15.67
15.67
15.67
15.7
15.71
15.71
15.73
15.74
15.77
15.77
15.78
15.79
15.79
15.8
15.8
15.8
15.81
15.83
15.83
15.85
15.87
15.89
15.9
15.93
15.93
15.93
15.96
15.97
15.97
15.97
16.01
16.01
16.03
16.03
16.05
16.05
16.05
16.1
16.11
16.12
16.12
16.13
16.13
16.16
16.19
16.21
16.21
16.23
16.23
16.25
16.26
16.27
16.28
16.28
16.28
16.29
16.3
16.3
16.3
16.35
16.36
16.36
16.37
16.37
16.38
16.39
16.4
16.4
16.41
16.41
16.43
16.44
16.44
16.44
16.45
16.46
16.48
16.49
16.49
16.51
16.53
16.56
16.56
16.56
16.57
16.59
16.6
16.6
16.6
16.63
16.64
16.64
16.65
16.65
16.66
16.67
16.69
16.7
16.7
16.71
16.72
16.72
16.73
16.73
16.74
16.74
16.75
16.8
16.8
16.8
16.82
16.83
16.85
16.88
16.88
16.88
16.89
16.89
16.9
16.91
16.91
16.92
16.95
16.96
16.96
16.97
16.97
16.97
16.98
16.99
17
17
17.01
17.01
17.01
17.02
17.02
17.02
17.04
17.04
17.05
17.06
17.06
17.07
17.08
17.08
17.09
17.09
17.1
17.1
17.1
17.11
17.14
17.14
17.16
17.18
17.19
17.2
17.21
17.21
17.23
17.25
17.25
17.26
17.31
17.33
17.33
17.37
17.37
17.38
17.38
17.39
17.39
17.39
17.39
17.41
17.43
17.44
17.45
17.47
17.49
17.51
17.52
17.53
17.55
17.58
17.59
17.6
17.6
17.62
17.65
17.66
17.66
17.69
17.7
17.71
17.72
17.72
17.73
17.77
17.79
17.79
17.81
17.82
17.83
17.83
17.86
17.87
17.88
17.9
17.9
17.95
17.95
17.96
17.96
17.96
17.98
17.98
18
18.03
18.05
18.06
18.06
18.07
18.07
18.08
18.08
18.13
18.15
18.17
18.19
18.2
18.23
18.25
18.25
18.26
18.26
18.26
18.26
18.26
18.27
18.28
18.28
18.29
18.29
18.31
18.32
18.32
18.32
18.33
18.34
18.35
18.35
18.36
18.37
18.38
18.38
18.38
18.39
18.39
18.41
18.42
18.42
18.44
18.45
18.45
18.45
18.46
18.47
18.48
18.5
18.52
18.52
18.53
18.56
18.58
18.58
18.59
18.59
18.62
18.63
18.65
18.65
18.65
18.69
18.7
18.7
18.7
18.7
18.74
18.75
18.75
18.78
18.79
18.79
18.8
18.82
18.83
18.83
18.86
18.86
18.87
18.87
18.88
18.89
18.9
18.91
18.91
18.91
18.92
18.92
18.94
18.97
18.97
19.01
19.01
19.05
19.09
19.1
19.1
19.1
19.1
19.11
19.11
19.12
19.12
19.13
19.13
19.16
19.18
19.19
19.21
19.22
19.22
19.22
19.23
19.24
19.27
19.28
19.28
19.29
19.32
19.32
19.33
19.36
19.36
19.38
19.39
19.39
19.39
19.41
19.41
19.42
19.42
19.42
19.43
19.46
19.47
19.47
19.48
19.48
19.49
19.51
19.52
19.54
19.54
19.56
19.56
19.58
19.6
19.61
19.61
19.62
19.64
19.65
19.68
19.68
19.69
19.69
19.7
19.72
19.74
19.77
19.78
19.79
19.8
19.82
19.82
19.83
19.86
19.87
19.89
19.89
19.91
19.93
19.94
19.95
19.95
19.98
19.98
20
20.02
20.06
20.06
20.07
20.07
20.09
20.1
20.11
20.11
20.13
20.14
20.14
20.14
20.16
20.2
20.21
20.22
20.22
20.23
20.26
20.28
20.31
20.31
20.38
20.39
20.41
20.44
20.45
20.45
20.46
20.48
20.52
20.52
20.52
20.52
20.53
20.56
20.58
20.59
20.61
20.63
20.63
20.67
20.68
20.69
20.69
20.69
20.71
20.76
20.76
20.78
20.8
20.8
20.8
20.81
20.83
20.83
20.84
20.84
20.86
20.87
20.89
20.89
20.9
20.9
20.94
20.95
20.97
20.97
21
21.02
21.02
21.04
21.05
21.06
21.07
21.09
21.09
21.09
21.1
21.11
21.11
21.11
21.12
21.12
21.12
21.14
21.14
21.14
21.14
21.18
21.18
21.2
21.29
21.31
21.32
21.32
21.34
21.37
21.4
21.4
21.42
21.42
21.43
21.45
21.45
21.45
21.46
21.49
21.5
21.55
21.59
21.62
21.65
21.66
21.67
21.68
21.74
21.74
21.74
21.76
21.76
21.78
21.79
21.81
21.81
21.82
21.85
21.87
21.88
21.89
21.91
21.92
21.94
21.94
21.96
21.96
21.98
21.98
22
22.02
22.05
22.06
22.12
22.12
22.13
22.13
22.19
22.19
22.2
22.22
22.23
22.25
22.25
22.27
22.27
22.32
22.33
22.35
22.36
22.37
22.37
22.42
22.42
22.42
22.43
22.43
22.44
22.44
22.44
22.46
22.48
22.48
22.5
22.54
22.54
22.55
22.57
22.58
22.64
22.67
22.68
22.68
22.7
22.71
22.72
22.72
22.75
22.76
22.76
22.77
22.78
22.78
22.78
22.8
22.8
22.81
22.82
22.83
22.83
22.83
22.85
22.85
22.86
22.88
22.92
22.94
22.95
22.97
22.98
22.99
23
23.03
23.04
23.08
23.09
23.11
23.11
23.14
23.17
23.18
23.22
23.25
23.26
23.26
23.27
23.29
23.31
23.32
23.32
23.33
23.34
23.38
23.4
23.41
23.41
23.43
23.46
23.49
23.5
23.51
23.52
23.52
23.53
23.56
23.57
23.6
23.6
23.62
23.62
23.62
23.63
23.65
23.66
23.72
23.75
23.82
23.85
23.86
23.87
23.9
23.92
23.94
23.94
23.94
24.05
24.08
24.12
24.13
24.13
24.15
24.18
24.18
24.22
24.3
24.3
24.31
24.33
24.36
24.37
24.37
24.38
24.38
24.39
24.42
24.43
24.49
24.49
24.52
24.57
24.57
24.66
24.67
24.67
24.69
24.7
24.72
24.74
24.78
24.82
24.82
24.83
24.85
24.86
24.9
24.9
24.94
24.96
24.99
25.02
25.07
25.08
25.11
25.11
25.12
25.12
25.14
25.2
25.2
25.22
25.24
25.28
25.31
25.33
25.33
25.34
25.35
25.36
25.36
25.37
25.39
25.39
25.4
25.43
25.47
25.48
25.49
25.5
25.51
25.52
25.52
25.58
25.59
25.6
25.6
25.62
25.64
25.72
25.74
25.75
25.76
25.77
25.78
25.83
25.83
25.85
25.87
25.87
25.87
25.87
25.87
25.88
25.94
26
26.02
26.04
26.06
26.1
26.11
26.12
26.13
26.13
26.14
26.14
26.18
26.22
26.22
26.23
26.24
26.24
26.29
26.29
26.32
26.33
26.33
26.36
26.38
26.38
26.39
26.39
26.4
26.41
26.42
26.43
26.44
26.45
26.45
26.45
26.46
26.48
26.52
26.54
26.54
26.56
26.57
26.59
26.59
26.62
26.64
26.65
26.66
26.71
26.75
26.76
26.77
26.77
26.77
26.8
26.81
26.86
26.86
26.87
26.88
26.9
26.92
26.99
26.99
27.03
27.03
27.06
27.07
27.08
27.08
27.1
27.1
27.11
27.12
27.15
27.17
27.23
27.24
27.26
27.27
27.29
27.34
27.34
27.4
27.42
27.42
27.44
27.45
27.45
27.46
27.48
27.51
27.55
27.57
27.59
27.62
27.62
27.65
27.66
27.69
27.7
27.71
27.72
27.8
27.82
27.83
27.83
27.85
27.87
27.87
27.89
27.96
27.96
27.98
28.02
28.02
28.03
28.07
28.09
28.12
28.13
28.17
28.19
28.21
28.28
28.3
28.3
28.31
28.33
28.34
28.37
28.38
28.42
28.44
28.48
28.51
28.52
28.52
28.56
28.59
28.68
28.69
28.69
28.71
28.73
28.74
28.74
28.75
28.8
28.8
28.8
28.81
28.87
28.88
28.91
28.94
28.94
28.96
28.99
29.01
29.01
29.02
29.04
29.06
29.06
29.06
29.09
29.09
29.09
29.11
29.12
29.2
29.21
29.24
29.24
29.25
29.28
29.29
29.29
29.3
29.31
29.32
29.34
29.35
29.35
29.36
29.39
29.41
29.42
29.42
29.42
29.43
29.48
29.5
29.5
29.51
29.52
29.53
29.56
29.58
29.58
29.6
29.63
29.65
29.68
29.73
29.76
29.77
29.8
29.8
29.82
29.82
29.87
29.87
29.89
29.93
29.94
29.95
29.99
30
30.04
30.06
30.12
30.21
30.25
30.25
30.25
30.27
30.28
30.28
30.29
30.29
30.3
30.34
30.35
30.36
30.36
30.37
30.38
30.39
30.41
30.43
30.44
30.5
30.5
30.55
30.56
30.57
30.58
30.59
30.63
30.63
30.64
30.65
30.65
30.67
30.69
30.7
30.7
30.72
30.83
30.83
30.85
30.86
30.86
30.87
30.88
30.92
30.96
30.96
30.97
30.97
30.98
31
31.02
31.06
31.07
31.09
31.14
31.14
31.17
31.19
31.19
31.21
31.21
31.31
31.34
31.35
31.36
31.37
31.38
31.4
31.42
31.54
31.56
31.56
31.58
31.6
31.61
31.63
31.64
31.66
31.7
31.7
31.74
31.75
31.76
31.76
31.77
31.78
31.78
31.78
31.8
31.87
31.88
31.89
31.89
31.98
32.02
32.03
32.05
32.05
32.05
32.07
32.11
32.14
32.15
32.16
32.2
32.2
32.24
32.28
32.3
32.32
32.33
32.34
32.35
32.35
32.35
32.36
32.36
32.37
32.4
32.41
32.42
32.5
32.5
32.55
32.61
32.67
32.7
32.71
32.72
32.72
32.73
32.75
32.77
32.8
32.8
32.81
32.84
32.85
32.86
32.86
32.87
32.87
32.9
32.9
32.91
32.92
32.93
32.94
32.97
32.99
32.99
33
33.04
33.1
33.1
33.11
33.12
33.14
33.18
33.18
33.2
33.24
33.26
33.3
33.3
33.34
33.36
33.42
33.43
33.45
33.47
33.47
33.47
33.47
33.48
33.52
33.54
33.59
33.6
33.61
33.62
33.63
33.66
33.66
33.68
33.72
33.73
33.75
33.75
33.76
33.76
33.77
33.81
33.84
33.85
33.89
33.89
33.92
33.93
33.93
33.93
33.94
34.02
34.04
34.07
34.09
34.14
34.14
34.15
34.15
34.18
34.19
34.21
34.23
34.3
34.3
34.32
34.33
34.33
34.34
34.35
34.36
34.37
34.4
34.42
34.43
34.44
34.5
34.59
34.62
34.62
34.64
34.64
34.69
34.71
34.72
34.75
34.78
34.8
34.8
34.82
34.82
34.83
34.88
34.88
34.93
34.95
34.95
34.95
34.97
34.99
35
35.01
35.02
35.04
35.06
35.1
35.15
35.19
35.19
35.19
35.2
35.24
35.31
35.33
35.36
35.37
35.4
35.4
35.42
35.44
35.44
35.45
35.46
35.46
35.49
35.5
35.5
35.54
35.55
35.56
35.63
35.63
35.66
35.66
35.68
35.68
35.7
35.75
35.78
35.81
35.85
35.88
35.89
35.89
35.93
35.99
35.99
35.99
36
36
36
36.05
36.06
36.08
36.13
36.15
36.15
36.2
36.25
36.29
36.3
36.31
36.31
36.35
36.35
36.37
36.37
36.41
36.42
36.46
36.47
36.48
36.53
36.53
36.54
36.54
36.57
36.61
36.65
36.73
36.73
36.76
36.77
36.81
36.82
36.83
36.83
36.83
36.85
36.89
36.89
36.89
36.98
36.99
37.02
37.09
37.16
37.19
37.19
37.21
37.22
37.24
37.3
37.3
37.3
37.3
37.32
37.35
37.36
37.37
37.38
37.44
37.45
37.45
37.46
37.53
37.58
37.58
37.59
37.6
37.63
37.64
37.64
37.65
37.66
37.68
37.68
37.68
37.72
37.73
37.82
37.85
37.89
37.9
37.91
37.91
38
38
38.04
38.04
38.04
38.06
38.06
38.08
38.09
38.13
38.13
38.15
38.16
38.17
38.17
38.18
38.21
38.22
38.25
38.27
38.29
38.31
38.39
38.4
38.4
38.43
38.44
38.45
38.47
38.49
38.53
38.54
38.54
38.55
38.56
38.57
38.57
38.58
38.62
38.63
38.68
38.69
38.69
38.75
38.76
38.77
38.78
38.81
38.85
38.94
38.96
39.03
39.03
39.04
39.14
39.17
39.19
39.2
39.21
39.23
39.25
39.26
39.27
39.27
39.28
39.28
39.28
39.29
39.32
39.32
39.34
39.34
39.36
39.4
39.4
39.42
39.44
39.45
39.46
39.46
39.49
39.49
39.5
39.56
39.57
39.6
39.62
39.62
39.63
39.67
39.68
39.71
39.71
39.71
39.72
39.72
39.77
39.78
39.81
39.81
39.85
39.85
39.87
39.9
39.92
39.95
40.03
40.07
40.07
40.1
40.15
40.18
40.18
40.18
40.18
40.2
40.21
40.21
40.21
40.22
40.24
40.24
40.25
40.26
40.29
40.33
40.42
40.43
40.44
40.44
40.46
40.46
40.48
40.5
40.5
40.51
40.52
40.54
40.54
40.55
40.56
40.56
40.57
40.59
40.61
40.62
40.63
40.65
40.67
40.71
40.76
40.77
40.81
40.81
40.85
40.87
40.88
40.9
40.92
40.93
40.98
41
41.03
41.04
41.08
41.09
41.09
41.15
41.18
41.2
41.23
41.23
41.23
41.28
41.3
41.31
41.33
41.35
41.36
41.44
41.5
41.55
41.58
41.59
41.62
41.63
41.67
41.67
41.73
41.74
41.75
41.82
41.83
41.85
41.87
41.87
41.89
41.9
41.92
41.92
41.94
42.02
42.04
42.05
42.08
42.08
42.09
42.1
42.1
42.11
42.11
42.16
42.17
42.19
42.2
42.21
42.23
42.24
42.25
42.25
42.33
42.34
42.35
42.37
42.44
42.47
42.52
42.54
42.55
42.57
42.58
42.59
42.61
42.66
42.74
42.74
42.74
42.77
42.81
42.81
42.82
42.85
42.88
42.9
42.9
42.9
42.92
42.92
42.99
43.03
43.05
43.06
43.07
43.07
43.08
43.1
43.14
43.14
43.15
43.15
43.17
43.18
43.18
43.19
43.2
43.23
43.25
43.28
43.28
43.34
43.34
43.42
43.47
43.48
43.49
43.54
43.56
43.57
43.58
43.58
43.6
43.61
43.62
43.63
43.65
43.67
43.68
43.68
43.69
43.75
43.75
43.78
43.8
43.92
43.94
43.95
44.02
44.02
44.03
44.04
44.12
44.12
44.12
44.14
44.18
44.19
44.21
44.23
44.23
44.24
44.26
44.26
44.29
44.29
44.37
44.38
44.38
44.43
44.43
44.46
44.47
44.49
44.51
44.51
44.57
44.59
44.62
44.75
44.79
44.8
44.8
44.86
44.88
44.9
44.93
44.93
44.94
44.99
45.06
45.07
45.11
45.16
45.17
45.18
45.18
45.28
45.34
45.38
45.4
45.46
45.48
45.49
45.53
45.57
45.6
45.6
45.68
45.68
45.69
45.7
45.74
45.79
45.79
45.84
45.84
45.9
45.9
45.92
45.92
45.93
45.96
46.06
46.09
46.17
46.18
46.2
46.24
46.26
46.29
46.49
46.51
46.52
46.58
46.62
46.65
46.65
46.65
46.65
46.69
46.75
46.77
46.78
46.8
46.88
46.9
46.97
47.07
47.1
47.2
47.26
47.32
47.34
47.37
47.39
47.44
47.52
47.59
47.61
47.65
47.71
47.76
47.84
47.89
47.93
47.96
48.12
48.27
48.35
48.37
48.38
48.43
48.45
48.58
48.58
48.63
48.64
48.66
48.68
48.69
48.7
48.76
48.82
48.84
48.86
48.91
48.91
48.94
49.02
49.06
49.09
49.12
49.15
49.18
49.24
49.24
49.25
49.29
49.29
49.34
49.34
49.35
49.36
49.37
49.38
49.38
49.4
49.52
49.53
49.53
49.55
49.57
49.6
49.6
49.62
49.63
49.65
49.7
49.74
49.75
49.78
49.79
49.79
49.83
49.89
49.96
50
50.08
50.08
50.13
50.17
50.19
50.21
50.23
50.28
50.32
50.33
50.33
50.33
50.34
50.35
50.36
50.37
50.38
50.39
50.4
50.4
50.42
50.47
50.5
50.51
50.55
50.55
50.56
50.56
50.65
50.68
50.7
50.7
50.72
50.87
50.93
51.02
51.04
51.04
51.07
51.12
51.15
51.16
51.19
51.21
51.23
51.24
51.24
51.3
51.32
51.37
51.41
51.57
51.62
51.67
51.69
51.7
51.7
51.73
51.73
51.73
51.84
51.84
51.89
51.95
51.97
51.98
51.99
52.08
52.09
52.11
52.17
52.18
52.19
52.19
52.2
52.23
52.23
52.27
52.29
52.3
52.31
52.34
52.34
52.34
52.37
52.5
52.5
52.55
52.57
52.58
52.59
52.64
52.68
52.74
52.74
52.77
52.78
52.79
52.81
52.88
52.91
52.93
52.94
52.97
53
53.04
53.11
53.16
53.2
53.26
53.3
53.36
53.36
53.37
53.38
53.38
53.39
53.4
53.42
53.44
53.45
53.49
53.49
53.65
53.78
53.78
53.8
53.89
53.9
53.91
53.97
54
54
54.01
54.03
54.03
54.22
54.23
54.25
54.31
54.32
54.38
54.41
54.43
54.44
54.45
54.46
54.55
54.55
54.56
54.57
54.59
54.63
54.64
54.66
54.72
54.75
54.77
54.83
54.83
54.86
54.89
54.9
54.91
54.93
54.94
54.95
54.96
55.07
55.18
55.19
55.21
55.24
55.25
55.27
55.3
55.3
55.32
55.35
55.39
55.42
55.43
55.43
55.45
55.46
55.56
55.56
55.57
55.59
55.61
55.61
55.66
55.67
55.68
55.74
55.76
55.78
55.79
55.81
55.84
55.87
55.88
55.9
55.92
55.94
55.94
55.94
55.98
56.03
56.05
56.07
56.08
56.08
56.08
56.09
56.1
56.11
56.11
56.15
56.16
56.22
56.23
56.34
56.34
56.4
56.41
56.42
56.49
56.49
56.5
56.52
56.62
56.63
56.69
56.72
56.72
56.73
56.77
56.81
56.84
56.87
56.9
56.9
56.97
56.99
57
57.03
57.06
57.14
57.21
57.21
57.22
57.27
57.27
57.27
57.28
57.35
57.38
57.4
57.49
57.59
57.59
57.62
57.63
57.66
57.68
57.69
57.72
57.74
57.75
57.75
57.76
57.76
57.81
57.81
57.91
57.92
57.94
57.94
57.96
57.97
58
58.01
58.01
58.05
58.07
58.11
58.14
58.18
58.18
58.19
58.21
58.22
58.22
58.24
58.27
58.29
58.3
58.3
58.3
58.32
58.35
58.39
58.51
58.52
58.52
58.6
58.61
58.65
58.65
58.68
58.71
58.73
58.73
58.75
58.75
58.78
58.79
58.8
58.87
58.87
58.92
58.98
59.05
59.1
59.11
59.11
59.14
59.16
59.23
59.23
59.32
59.36
59.37
59.39
59.41
59.61
59.66
59.73
59.75
59.75
59.76
59.78
59.79
59.79
59.82
59.88
59.89
59.95
59.96
59.99
59.99
59.99
60
60
60
60
60
60