74.99
84.64
55.2
75.31
37.03
75.01
76.98
75.13
126.6
74.42
62.36
42.42
38.31
32.94
9.834
73.6
78.38
98.5
75.19
78.45
33.19
7.776
76.52
46.61
79.02
120.5
6.277
35.23
42.18
29.36
49.67
116.5
71.24
38.09
30.41
76.34
44.56
78.82
79.68
29.44
76.84
41.2
71.07
6.105
139
55.4
50.66
71.86
40.07
68.99
35.18
38.96
75.67
77.48
1.283
3.864
1.363
36.51
56.38
3.5
42.97
41.52
32.29
48.41
9.444
22.27
2.69
33.86
11.49
75.71
122.6
33.02
49.32
3.691
31.28
66.46
51.17
8.308
51.48
51.98
4.213
53.83
2.872
4.923
15.12
52.25
71.73
3.765
2.098
74.1
40.04
4.617
5.002
3.429
6.665
3.245
52.62
76.18
78.39
4.616
10.09
130.3
4.575
11.84
1.584
5.58
96.32
4.776
58.48
101.1
6.154
4.711
96.6
122.6
3.932
53.71
3.849
5.353
6.29
1.693
7.304
4.535
2.349
34.45
64.67
95.27
4.336
13.51
77.73
4.265
51.75
5.048
34.48
4.078
12.21
39.87
5.707
46.04
1.868
1.724
43.92
8.905
4.831
37.52
52.27
4.354
4.36
80.36
39.02
11.98
4.552
109.8
41.51
38.82
81.23
38.89
89.69
2.807
65.85
3.53
12.95
60.75
4.593
2.625
5.081
108.8
4.353
46.54
72.52
5.884
1.731
39.23
76.23
5.537
38.68
76.49
50.65
40.2
55.05
6.079
31.72
52.58
39.01
34.79
2.755
3.036
106.1
42.27
11.39
25.55
78.45
40.51
74.43
59.9
5.825
75.57
5.138
11.03
74.44
38.65
100.5
93.16
13.35
106.9
50.02
131.2
3.836
35.36
3.204
51.14
5.282
52.44
42.65
106.5
1.439
36.23
0.95
70.83
50.06
33.28
44.94
50.02
10.62
75.62
91.6
8.732
2.827
40.24
9.05
50.49
92.78
6.082
19.32
54.99
4.515
38.66
111.9
46.24
55.7
52.03
12.2
7.026
70.44
7.364
110.4
50.21
99.02
85.45
8.739
3.526
5.543
42.62
116.1
2.973
47.48
94.8
102.9
32.93
43.25
74.3
51.67
51.11
55.68
46.7
60.93
76.21
5.81
33.47
6.566
35.35
14.44
36.55
71.15
11.83
48.85
53.94
3.995
18.74
3.766
31.74
41.52
77.73
8.077
119.4
54.05
35.96
49.11
61.53
103.9
6.189
76.38
50.59
5.563
49.61
9.985
7.693
50.13
4.901
96.19
7.413
39.94
109
26.92
37.27
53.39
60.6
103.3
120.1
42.4
4.756
76.38
4.552
9.023
90.63
126.9
65.23
60.86
7.336
53.19
41.57
54.1
68.28
52.27
108
102.7
124.6
7.997
76.09
97.41
49.32
8.708
144.7
46.11
44.76
10.35
67.44
47.37
40.19
93.53
62.44
56.66
104.4
42.39
54.57
62.45
82.17
69.61
74.44
54.66
8.999
35.15
71.49
53.68
54.67
44.49
51.22
45.16
109.3
8.025
59.18
8.895
8.941
77.26
34.41
57.13
56.71
57.57
6.565
32.9
40.85
137.2
3.481
16.53
57.4
73.69
3.519
87.47
44.62
43.02
38.64
114
10.4
60.27
38.24
3.57
61
9.16
86.45
56.92
38.9
67.47
103.6
23.59
106.5
19.97
67.02
34.01
46
43.85
6.331
22.75
30.21
38.37
38.21
98.7
49.6
95.7
52.71
98.12
7.266
26.83
34.19
122.1
51.98
45.38
3.862
82.51
22.21
71.2
33.78
87.61
12.95
50.56
105.2
40.41
59.67
34.08
41.28
3.614
83.32
102.5
23.46
78.03
40.41
55.44
1.428
148.2
53.95
119.1
77.04
99.77
40.36
49.35
68.4
6.482
104.8
25.01
38.57
46.95
45.02
29.65
49.86
1.294
44.7
81.08
81.25
10.37
56.64
50.09
23.64
42.88
24.57
52.26
148.5
39.74
39.74
50
67.34
92.03
6.256
38.29
32.02
110
110.2
22.67
64.53
30.33
45.28
32.76
112.7
76.03
44.33
107.7
106.8
51.09
45.63
13.98
98.67
106
32.69
111.7
7.422
101.4
67.68
57.25
114.3
77.43
38.26
33.8
77.42
48.41
59.02
30.96
62.28
32.69
11.21
59.33
28.54
118.7
45.93
39.9
44.49
130.3
5.419
67.26
108.9
52.9
22.06
39.88
42.24
109.8
56.16
42.96
60.01
49.18
98.52
34.46
37.18
37.21
32.34
8.31
108.6
104
35.53
115.6
53.99
42.33
107
94.52
56.75
102.2
37.92
40.35
49.11
56.86
35.03
43.3
85.29
39.67
6.931
113.6
52.09
92.46
42.01
37.05
55.53
26.64
112.2
76.79
53.87
84.3
14
52.29
83.45
60.06
100.1
114.8
36.05
88.77
60.76
39.23
37.19
51.72
38.92
98.43
75.17
105.2
104.1
142.8
9.163
106.7
106.8
18.38
85.94
88.76
8.692
129.1
56.32
49.02
73.03
44.09
51.38
63.26
42.21
8.836
91.07
64.36
52.61
58.5
64.19
103.9
51.26
59.33
141.8
52.62
83.95
60.78
27.84
41.31
25.88
59.38
37.64
78.6
57.92
16.62
28.33
54.45
5.002
62.23
8.644
79.86
58.68
29.78
40.29
112.7
43.47
49.99
86.65
102.7
12.89
33.46
56.66
85.68
9.787
18.73
40.75
62.74
44.69
44.47
30.42
14.3
60.67
25.37
53.51
102.8
82.54
47.14
12.41
49.69
7.853
105.5
5.018
55.37
64.34
71.55
55.56
144.6
48.4
95
93.89
110.8
46.46
23.54
61.94
54.59
97.07
49.47
44.93
10.77
3.57
57.68
40.42
85.83
42.4
35.81
48.65
74.49
45.24
44.46
46.7
145.7
8.763
42.21
101.3
5.165
41.61
39.44
80.6
70.79
7.214
44.77
6.648
121.6
37.03
52.43
112.8
36.74
48.45
49.49
34.3
34.3
106.7
8.791
39.47
7.893
9.403
60.88
52.83
88.29
55.1
16.3
107.4
43.57
54.54
108.3
44.64
33.44
37.49
36.11
36.19
77.78
11.57
107.3
48.3
87.65
53.41
86.92
130.8
54.66
75.17
58.04
38.03
37.55
48.29
44.55
99
8.714
36.13
46.22
52.48
84.32
68.43
12.93
34.12
45.21
52.18
8.689
94.85
12.14
44.49
21.48
17.75
26.27
13
37.71
98.74
68.35
106.7
72.49
14.03
30.3
52.16
37.89
104.2
12.49
84.79
8.053
37.34
8.931
44.19
46.93
112.8
54.76
5.976
130.7
103.5
41.86
10.4
60.89
50.38
35.84
70.77
125.3
54.4
13.1
39.82
117.6
64.06
6.865
8.575
78.87
9.154
34.96
40.98
144.5
40.09
37.4
79.76
24.97
29.13
47.29
21.67
129
33.34
1.305
5.687
48.81
78.63
45.04
35.21
8.093
47.6
44.06
58.35
43.26
57.07
127.2
10.83
48.3
9.089
76.76
53.64
75.25
25.14
77.22
135.3
37.46
74.49
81.03
3.724
44.76
107.5
74.71
100.6
19.14
23.92
47.33
96.39
9.3
88.71
87.89
9.323
36.8
100.2
106.4
102.2
19.87
53.64
77.24
113
9.601
63.26
40.89
8.248
62.32
104.9
56.82
99.9
98.23
46.37
41.72
45.14
38.6
45.4
11.43
44.58
115.3
34.91
77.16
6.527
6.704
49.11
40.58
119.6
142.8
7.083
44.5
25.81
40.89
94.87
106.7
73.37
6.286
97.67
16.01
6.252
33.66
37.52
97.15
9.297
60.07
35.53
7.878
37.14
8.5
10.93
45.98
11.38
15.11
23.18
42.6
58.9
34.66
47.04
39.74
6.173
102.2
129.1
22.75
9.608
26.33
41.31
39.43
48.86
13.87
39.29
43.98
4.178
12.23
24.64
59.2
6.31
35.42
47.04
143
128.9
9.524
33.52
42.14
95.17
40.18
40.58
50.93
130.8
44.49
36.31
104.1
10.26
37.34
39.86
115
69.31
34.31
38.41
8.283
88.54
54.29
6.727
34.42
49.43
35.9
117.8
33.99
3.01
25.05
40.66
8.05
37.6
57.24
38.02
70.03
39.15
59.35
123.5
106
6.065
6.336
4.762
19.71
91.15
114.2
137.9
8.325
37.44
43.53
103.4
20.12
5.89
42.91
48.27
2.545
140.2
4.043
43.62
78.84
71.77
68.27
76.46
73.24
5.295
8.936
40.4
50.78
42.44
51.81
26.19
34.12
34.58
44.23
4.183
112
3.708
55.82
87.18
5.607
7.955
61.43
46.95
50.1
3.695
123.4
65.18
47.01
119.5
128.9
75.72
125.2
0.758
7.529
87.43
41.95
38.43
5.275
2.484
10.63
21.84
33.79
97.24
7.937
30.84
104.3
127.6
46.48
107.2
110.9
0.892
9.597
85.48
20.84
140.1
7.711
28.57
65.54
97.83
30.28
3.087
37.79
40.3
54.84
63.7
7.399
39.24
146.7
102.3
5.332
7.56
87.25
8.031
31.08
3.833
37.03
41.43
8.105
75.24
44.86
49.82
35.81
54.56
44.66
8.523
39.34
10.01
61.62
79.11
104.9
4.078
45.2
116.6
7.93
41.29
36.58
96.88
36.54
48.44
76.95
3.163
18.07
106.2
47.8
65.24
4.089
78.05
3.422
39.45
77.63
7.303
101.8
116.6
2.184
3.396
0.098
119.9
136.7
111.5
118.2
42.78
106
59.12
47.89
9.39
35.89
110.6
132.7
7.361
60.01
3.611
3.611
6.697
67.96
75.44
10.02
136.5
16.81
38.83
38.31
44
54.95
32.71
4.052
41.96
4.084
36.04
2.677
76.28
10.12
8.851
3.892
35.24
101.5
53.5
2.155
61.17
101.5
104.3
98.77
77.48
46.55
63.42
2.088
9.062
36.99
64.89
70.7
3.893
3.893
1.474
1.582
27.27
30.78
49.2
124.3
4.645
4.053
37.38
85.35
28.98
42.1
25.42
59.79
26.68
88.61
38.59
98.24
3.486
9.838
106.3
146.6
4.219
38.31
118.8
135.5
52.5
65.28
104.3
135.6
90.09
2.794
46.43
3.908
30.36
35.14
3.472
22.32
22.61
3.14
46.89
38.95
41.64
75.16
69.6
37.48
74.63
94.1
4.723
9.749
3.838
3.838
78.05
33.44
103.2
109.8
8.587
30.8
7.575
30.98
35.92
9.563
68.01
7.617
31.83
112.3
61.89
4.564
82.93
7.528
43.99
2.075
19.87
7.742
43.75
55.04
28.25
4.281
61.31
136
99.38
101.6
28.15
71.21
22.34
40.56
123.6
91.94
93.45
34.57
121.7
9.438
17.27
51.71
14.21
25.52
126.1
30.79
38.85
55.64
30.37
48.96
2.404
4.209
21.73
34.13
4.627
8.257
31.3
17.68
2.617
109.4
129.5
145.6
75.92
123.1
38.31
53.89
7.625
68.95
3.722
1.555
9.278
30.85
123
132.1
8.375
58.67
135.8
32.66
46.96
64.54
66.18
85.33
105.5
72.6
8.538
32.52
81.24
44.19
7.449
31.56
72.96
123.9
77.63
8.086
5.06
7.452
134.4
43.74
25.14
92.83
8.173
99.89
147
148.8
25.03
7.642
8.439
97.41
19.51
31.23
8.326
7.44
8.874
40.99
8.884
49.26
46.44
33.67
98.83
26.74
46.66
7.159
80.45
5.781
48.04
80.08
39.06
31.03
30.78
39.79
28.37
37.11
59.13
31.58
32.76
101.2
36.17
127.7
131.2
40.65
42.7
30.98
18.38
107
32.16
119.5
1.939
31.55
39.91
59.21
0.37
119.6
143.9
43.09
106.8
8.249
43.77
57.97
55.72
11.49
49.09
84.75
44.01
17.53
121.1
36.01
115.2
3.421
132.7
31.82
34.6
57.53
137
8.127
20.93
4.583
47.56
36.64
133.9
1.554
43.68
1.788
9.17
72.37
57.96
4.89
53.18
24.96
129.3
31
128.7
81.24
103.2
131.8
27.76
38.2
144.1
3.573
39.36
52.48
9.563
11.81
6.19
31.93
45
116.4
41.35
56.29
96.06
52.05
54.56
25.7
33.29
35.16
17
70.2
32.03
7.793
145
83.59
121.3
34.8
143.9
14.93
101.5
30.27
9.142
4.515
9.446
37.87
75.55
8.51
24.2
39.71
40.15
40.69
60.26
62.7
8.455
59.05
104.6
31.37
109.7
136.3
13.8
45.24
117.7
62.58
5.805
25.2
67.57
56.17
34.66
6.286
8.485
57.9
43.96
117.9
25.39
21.81
82.86
52.8
24.64
28.68
56.74
37.92
45.41
40.74
9.356
35.93
99.9
85.62
52.67
8.133
76.28
7.713
61.53
7.636
12.98
1.986
21.27
88.54
62.53
9.942
33.63
39.95
66.17
17.83
8.985
42.54
115
66.71
110.7
42.15
97.76
14.39
26.34
40.42
40.44
2.061
107
4.63
6.008
11.83
40.25
46.99
72.8
3.081
59.96
32.69
59.36
111.9
3.227
14.21
4.131
60.4
31.7
41.99
52.3
112.2
13.43
47.03
51.91
61.89
21.38
77.93
11
9.513
81.44
41.54
0.322
29.01
81.35
35.29
19.08
127.6
60.97
87.35
95.81
25.01
33.64
123.4
3.615
108
7.892
32.08
40.37
61.62
64.66
96.49
6.498
17.83
91.33
108.7
10.52
4.088
107.7
8.891
38.39
35.45
4.682
60.68
0.659
8.669
0.525
9.168
88.34
20.88
5.569
39.03
21.81
9.007
34.36
38.56
113.6
4.297
41.66
109.1
90.41
30.08
101.3
41.5
122.8
117.7
2.638
130.5
62.15
95.14
113.7
2.423
17.25
83.99
37.46
111.4
9.153
90.32
4.218
30.88
32.91
100.2
4.583
49.3
6.032
34.8
6.349
53.31
91.27
112.8
22.05
26.71
44.77
112.9
110.2
145.8
4.487
3.468
6.264
48.99
49.95
8.208
29.45
49.37
15.23
129.7
111.5
35.24
12.49
18.95
87.99
142.3
13.33
30.44
31.81
84.05
65.64
40.25
100.5
99.19
47.95
14.13
33.5
3.506
29.29
20.95
48.6
133.3
9.677
125.3
144.6
8.814
7.395
10.56
58.89
104.5
4.595
16.71
5.97
80.06
33.29
33.5
1.883
28.54
4.623
27.18
4.543
3.637
42.17
97.36
11.98
39.03
40.79
95.54
6.695
108.5
7.174
0.371
5.47
33.45
33.01
10.47
19.5
21.81
5.102
17.89
45.42
12.68
34.41
47.03
76.03
2.631
38.7
88.5
31
42.46
6.941
121.1
89.92
131.6
4.557
5.844
53.86
100.9
13.41
4.741
5.65
132.6
3.065
3.918
42.66
51.5
30.36
11.47
1.163
4.32
33.07
102.6
21.33
30.56
53.45
15.86
21.03
53
17.55
17.53
30.58
12.83
50.84
88.32
7.425
30.33
5.7
126.5
56.65
102.2
4.222
6.5
2.972
33.98
5.405
131.3
0.841
6.926
15
54.49
51.24
139.7
91.55
116.8
43.71
33.65
20.45
20.57
23.07
32
106.2
27.6
4.408
33.01
22.97
38.32
130.2
42.98
81.57
131
71.01
106.1
10.16
18.24
106.4
139.2
9.288
22.79
100.5
9.952
92.75
30.31
0.167
2.363
131.4
24.5
7.679
92.44
73.39
34.34
29.6
48.8
121.8
5.976
146.4
0.914
5.992
34.56
49.16
2.221
13.72
26.06
145
12.4
34.02
68.66
11.25
109.5
38.97
142.6
29.78
52.46
22.29
128.4
48.95
89.97
9.938
13.22
26.1
149.6
4.403
5.094
22.51
93.12
118.5
126.9
26.19
137.9
8.614
37.6
6.474
52.63
24.38
9.49
37.57
102.4
34.33
40.88
11.93
9.972
146.6
25.17
5.399
3.788
29.72
65.52
11.58
54.94
133.4
4.283
118.2
6.37
10.04
4.743
40.8
45.9
23.79
4.087
42.3
29.03
1.647
119.7
78.56
123.8
42.54
5.742
87.27
37.94
92.54
98.04
4.496
120.6
35.64
69.69
81.83
116.8
43.2
58.21
139.8
17.43
122.6
21.21
16.13
36.37
9.205
17.26
22.36
138.2
121
44.06
141
17.76
34.2
26.68
31.37
48.75
10.41
7.862
91.86
90.05
32.6
27.09
87.19
5.314
5.444
31.53
27.25
123.1
74.4
0.051
17.37
19.9
7.958
73.9
32.74
19.11
86.68
107
107
3.57
25.66
119
5.093
88.43
18.36
108.9
80.39
76.13
15.95
122.2
116.7
77.28
7.11
140.8
97.63
27.54
123.5
33.98
72.38
26.03
134.9
117.1
92.96
13.92
33.83
87.06
102.8
105
9.945
12.82
112
35.05
46.23
118.8
22.81
42.54
7.305
34.87
95.22
121.7
20.18
7.051
17.72
75.19
75.19
87.27
21.44
34.1
129.6
19.19
17.3
86.34
118.8
22.75
131
0.895
9.397
5.601
45.06
11.71
16.62
118.7
116.4
3.9
144.2
83.96
148.6
26.33
109.4
139.1
35.48
20.01
93.92
94.04
121.5
42.75
3.436
103.1
133.7
18.75
7.446
41.15
114.6
21.97
4.804
16.18
133.1
133.7
1.686
4.659
19.14
30.16
3.771
2.315
23.52
145.4
4.831
44.3
5.333
28.06
95.17
125.4
119.1
2.009
18.72
68.97
21.73
37.7
94.42
111.3
5.062
11.85
12.13
112.4
29.13
6.127
11.72
15.01
10.12
135.9
70.94
70.22
105.7
26.75
31.81
16.23
31.88
5.7
10.1
2.57
119.5
4.753
28.04
29.63
134.8
7.735
81.91
22.08
135.2
135.6
50.48
18.46
104.2
27.37
122.5
6.571
32.83
132.6
17.44
114.4
125
70.81
5.44
18.6
116.6
23
5.059
117.1
36.85
84.87
141.1
18.46
6.711
15.53
124.9
20.18
24.87
5.902
130.3
114.8
14.17
21.86
124.4
6.992
128.3
30.32
21.18
39.08
25.7
18.21
28.1
49.02
129
114.5
5.121
18.45
122.9
113.1
5.261
19.09
138.7
122.7
26.76
5.231
119.5
126.8
33.44
33.76
119.1
9.982
12.48
45.34
140.1
5.611
138.7
131.1
32.44
110.4
129.7
91.48
145.9
18.95
20.29
130.3
30.29
44.83
140.6
9.342
19.36
19.09
37.29
29.84
140.9
117.1
121
17.56
23.74
3.94
12.45
28.31
2.7
6.106
143.5
8.743
47.65
6.862
4.733
126.4
126.4
22
18.62
17.15
97.68
30.29
18.8
12.66
31.34
16.61
18.02
90.64
132.4
136.2
3.052
56.36
29.55
18.94
17.52
139.7
3.709
5.691
19.8
147.4
14.36
3.732
23.24
3.236
3.342
0.194
10.48
0.363
109.7
20.72
130.1
130.5
136
34.35
14.96
19.04
24.92
29.66
8.682
137.9
19.5
14.09
16.76
28.04
7.389
9.376
4.004
130.3
40.17
12.42
35.13
139.6
19.45
144.2
136
11.97
8.116
96.16
147.5
3.579
31.59
48.4
129.6
11.46
119.2
8.667
11.63
19.93
132.4
10.46
73.59
9.915
111.5
96.31
13.04
20.71
26.79
129.6
132.1
80.63
12.06
21.42
130.7
119.8
23
111.1
25.85
108.7
119.8
14.41
130
32.69
118.3
13.86
13.06
142.7
16.8
132.2
129.7
129.4
28.99
127.7
5.358
29.3
137.7
11.36
137.8
39.78
9.036
15.38
19.38
7.253
6.629
50.34
4.755
3.901
10.41
139.7
57.94
109.6
2.999
134.6
136.3
95.05
139
4.37
0.671
10.61
101.7
115.3
114.4
135.5
8.656
120.3
35.26
143.9
7.786
2.656
23.39
29.71
3.262
4.413
7.185
20.48
45.05
126
136.4
9.823
13.22
122.3
119.8
55.32
79.48
148.7
6.394
146.2
3.761
15.97
55.53
59.32
95
69.48
8.399
55.39
125.7
26.99
146.7
31.35
16.13
23.12
4.647
8.984
26.73
42.92
135.7
2.917
144.6
38.63
1.465
24.35
145.8
7.885
22.95
13.35
20
9.988
41.42
33.77
3.127
35.88
17.48
137.6
17.24
6.427
7.639
21.28
14.28
102.5
114.2
17.62
3.261
21.72
24.09
30.94
32.74
131
17.56
10.01
133.6
116.3
19.52
85.62
84.76
86.45
55.54
16.27
15.88
29.2
131.5
27.62
133
135.2
4.936
128.7
114.5
119
128.7
139.5
3.296
9.955
122.7
6.258
121.7
9.092
147
60.73
134.4
146.3
3.929
5.539
145.8
135
108.3
96.38
132.9
139.7
43.76
6.569
122.8
13.04
103.4
10.42
24.17
146.1
127.6
55.18
44.23
14.9
20.09
4.937
80.35
128.2
139.4
132.6
135
52.3
59.44
35.36
55.63
97.47
16.31
50.56
50.81
8.424
116.8
21.4
1.495
2.383
32.14
129.2
115.3
19.21
133.1
56.27
50.57
21.84
116.1
97.84
101.7
128.1
131.9
21.93
6.568
4.215
132.3
60.02
2.93
14.08
131.9
0.58
50.93
105
6.919
39.49
99.2
2.99
63.5
117.5
1.843
67.7
77.65
12.9
101.8
1.504
55.65
119.4
132.4
36.25
97.95
145.9
84.21
63.44
52.71
11.56
30.42
4.445
55
93.32
109.1
5.816
65.66
101.5
36.81
131.9
68.47
128.9
18.55
53.4
26.24
3.648
6.833
46.26
8.677
56.74
57.82
95.33
39.07
95.5
143.6
58.57
136.5
87.26
9.943
132.1
132.8
49.51
103.2
18.82
139.1
25.25
14.88
147.4
55.66
7.95
3.266
29.02
8.318
117.1
136
4.683
5.506
9.363
105.1
140.5
74.41
141.2
49.65
2.316
6.492
81.61
133
130
124.2
7.475
14.4
73.58
78.27
139.8
53.38
138.3
140.7
4.926
137.9
71.82
108.1
88.73
125.6
17
17.29
88.02
16.56
55.94
60.06
107
103.7
79.21
21.63
46.35
101.9
97.84
84.12
120.6
25.75
38.68
4.742
85.51
136.4
4.451
6.533
49.19
58.92
123.4
105.3
133.2
101.9
66.57
1.292
134.6
148.7
47.69
50.23
103.5
125.9
28.78
10.55
47.46
1.356
143.5
54.7
44.62
45.52
51.29
139.3
49.42
5.957
37.1
4.172
53.99
30.12
139.9
103.4
43.54
51.18
84.17
30.91
129.8
140.7
60.78
76.21
137.4
60.87
58.15
105.6
133.1
49.34
85.77
45.57
130
3.291
149.9
2.906
55.46
56.72
131.9
52.33
104.1
52.29
60.73
26.68
7.081
78.21
54.99
55.37
57.43
21.46
55.64
109.7
134.8
139
1.53
18.87
57.01
50.35
83.95
135
26.12
49.79
42.82
97.47
1.868
7.545
16.28
47.21
133.7
144.8
56.54
14.72
66.57
80.36
103.1
104.1
55.64
59.29
0.42
128.6
84.43
128.4
25.87
36.9
132.9
93.22
133.3
56.5
34.89
47.23
73.36
139.4
46.02
19.26
44.63
59.74
120.9
111
47.37
51.82
116.7
14.44
55.54
141
96.88
7.1
2.513
56.51
140.4
128.6
54.5
74.6
31.17
134.8
36.71
85.91
122.1
131.6
47.52
58.09
108.5
92.45
43.55
44.72
91.17
98.26
24.46
34.69
3.674
130
52.72
33.72
56.07
50.83
100.7
116.8
56.04
44.51
101.2
60.21
125.4
58.62
53.9
58.36
117.8
149.4
145
50.13
60.02
57.18
59.32
23.28
50.72
52.72
68.53
52.94
57.96
57.74
44.86
56.88
57.46
6.189
122.8
52.97
105.1
20.79
47.22
106.4
38.02
56.64
106.8
15.68
58.85
58.71
35.93
35.84
56.97
56.97
127.5
44.24
99.04
124.9
145.8
103.4
128.4
58.27
57.86
101.9
76.35
34.6
43.34
52.27
67.91
29.07
31
112.5
100.6
38.9
141
60.43
56.44
137.4
99.46
71.18
36.82
85.81
98.82
87.72
126.9
38.05
53.85
120.1
56.42
1.918
59.68
51.74
40.59
48.17
82.21
9.724
40.84
91.43
70.73
55.21
128.4
25.89
84.07
128.8
26.86
127.2
42.09
66.14
144.4
143.3
42.8
119.6
119.7
87.33
24.79
64.76
1.631
3.271
48.61
27.11
144.5
139.7
36.61
131.9
48.94
1.499
41.14
3.095
3.095
88.46
41.31
25.55
99.49
53.43
45.61
18.48
37.06
113.6
25.87
123
25.67
77.91
47.42
138.4
46.49
93.45
57.51
41.36
62.93
115.5
76.08
7.11
140
75.72
2.928
103.8
38.48
55.29
25.48
41.8
52.23
31.19
1.529
1.844
39.98
28.02
76.57
33.93
98.82
98.99
94.68
144.6
140.3
19.65
54.11
15.76
88.97
130.9
35.56
21.2
22.02
100.6
35.77
46.49
75.65
43.87
38.92
39.7
53.82
130.8
89.5
131.4
46.36
93.28
119.4
12.37
77.18
34.97
101.7
114.8
40.44
42.66
132.4
132.5
47.05
9.207
106.5
50.69
35.68
41.2
31.37
45.24
42.78
45.48
69.77
72.34
46.34
41.18
39.91
96.65
101.5
44.8
106.1
51.92
88.99
16.75
104.8
50.85
119.7
47.17
142
9.728
50.88
41.94
117.2
47.22
138.1
50.41
47.27
6.48
131.5
41.9
23.7
43.21
46.2
69.01
72.41
32.49
77.98
84.6
1.383
66.08
16.38
42.24
109.7
40.61
43.01
70.42
42.42
103.4
130
4.537
128.7
53.88
46.83
101.4
43.28
27.16
49.14
47.84
100.5
138.5
68.06
70.67
51.77
41.55
68.33
42.81
80.37
3.692
39.85
72.78
17.38
40.69
48.22
144
90.62
72.01
29.53
43.67
94.18
45.11
123.4
143.1
47.15
33.1
130
73.14
71.27
33.12
106.5
53.97
117.7
16.06
35.64
128.4
24.38
56.54
30.42
122.2
46.8
44.97
110
21.83
28.21
16.9
44.22
10.07
19.79
71.52
122.5
79.26
81.1
43.96
67.76
66.97
34.21
99.49
75.47
143.9
43.4
74.11
42.37
95.56
41.73
51.8
135.7
63.61
66.29
99.16
95.7
43.08
45.64
44.34
71.09
97.18
98.55
4.12
129.6
70.9
125.9
46.81
135.5
137
61.42
10.64
26.3
43.23
64.97
94.63
42.96
83.11
113.9
29.9
14.84
61.04
3.935
117.7
35.35
40.27
73.79
145
146.4
59.07
64.34
44.91
34.09
42.86
75.95
51.52
111.7
83.77
71.66
13.67
78.76
78.63
45.58
1.597
76.52
73.83
148
13.5
109.1
141.9
82.58
107.3
110.8
88.06
81.37
76.61
57.85
42.79
95.8
62.81
67.33
50.41
131.9
133.4
64.73
35.72
71.75
80.41
5.29
45.01
13.42
30.86
60.98
69.34
12.38
75.77
81.25
59.67
61.91
67.68
44.66
77.9
47
39.58
96.32
138.5
91.64
33.24
5.966
93.08
8.377
39.8
42.92
80.46
88.53
39.72
46.75
55.53
64.62
39.08
14.55
64.56
69.52
77.49
1.267
77.78
33.42
76.41
83.88
35.84
71.35
67.36
79.23
23.76
11.58
78.46
90.41
12.05
68.52
115.9
18.64
32.66
61.51
139.2
35.94
68.32
11.67
119.8
136.5
67.34
7.989
9.497
11.87
56.57
10.77
72.94
15.22
0.779
99.25
9.214
24.99
106.9
110.4
142.2
73.07
97.26
48.75
8.133
72.44
108.4
11.25
71.73
34.8
8.017
56.03
73.63
45.54
7.992
72.4
67.81
39.65
86.6
10.95
74.26
80.43
16.02
52.94
10.07
29.81
71.4
75.17
68.86
73.97
7.993
103.7
11.62
91.31
141.9
10.22
3.394
88.68
71.98
7.925
12.41
12.45
44.3
142.5
5.969
9.652
71.15
124.8
8.938
130.6
10.62
11.43
71.88
99.61
74.93
2.63
8.342
65.68
75.98
87.5
96.22
69.84
77.37
8.875
37.42
10.45
11.95
13.31
116.6
2.686
11.08
12.32
11.41
13.11
28.51
74.96
72.66
103
12.83
7.292
13.12
6.072
94.46
11.22
27.67
7.138
81.04
76.5
67.61
75.07
23.75
1.548
13.42
20.2
84.35
83.57
11.66
38.26
10.63
11.91
44.7
78.38
12.45
97.21
16.09
68.92
44.27
10.09
74.8
107.6
37.31
13.58
9.21
12.5
11.49
78.3
11.5
16.26
78.41
113.5
11.49
47.77
9.889
74.16
19.81
36.35
54.69
49.04
126.4
62.73
106.3
9.454
38.9
47.37
29.11
13.17
78.01
9.027
134.9
16.03
43.47
17.92
45.26
12.01
9.709
13.47
75.35
8.241
68.75
10.67
17.21
91.71
132.4
7.771
37.47
68.52
91.43
77.37
17.24
39.94
74.33
9.163
75.31
8.692
33.04
46.79
9.624
16.11
60.94
25.11
74.68
12.18
63.71
92.86
18.81
54.1
11.06
11.31
85.74
8.755
7.884
75.07
10.42
40.72
105.2
8.761
24.36
85.49
7.589
79
8.748
9.218
8.757
80.14
104.8
3.314
9.505
74.94
75
75
9.983
74.99
74.99
75
75
75.06