14.97
15.24
15.13
15.07
20.45
15.01
15.01
15.04
7.075
14.93
18.75
20.29
23.21
18.84
5.473
15.15
14.01
10.81
15.07
15.08
22.04
6.25
15.42
3.793
15.63
8.436
25.12
20.79
23.48
23.84
15.76
6.224
14.8
21.13
24.8
14.84
22.08
15
14.44
21.95
15
22.39
14.97
1.199
26.07
18.87
18.18
15.18
18.89
21.13
23.74
21.72
14.95
15.68
6.344
3.6
1.46
23.55
16.45
4.982
21.66
24.34
22.15
20.06
17.12
6.881
3.87
17.05
29.05
14.89
22.48
24.36
19.64
4.452
24.14
3.95
17.77
5.542
16.91
20.49
5.523
19.83
3.378
6.562
26.02
28.04
17.49
8.806
4.327
15.01
19.4
8.705
6.464
4.533
10.06
3.262
20.44
15.12
14.05
5.669
16.64
10.41
6.987
18.61
1.855
7.163
14.64
8.068
19.9
11.78
8.326
6.997
14.97
19.94
3.257
14.26
7.183
6.922
10.21
6.148
6.338
4.724
2.34
24.41
6.508
15.17
5.057
18.19
14.37
3.438
16.04
5.545
27.63
5.836
23.38
20.36
7.758
20.35
6.577
3.328
1.848
12.94
4.577
17.04
20.01
3.202
4.695
14.77
15.58
12.99
7.371
9.14
18.68
21.46
29.32
19.58
12.36
2.868
14.42
5.303
12.32
15.98
7.052
3.623
1.721
6.763
1.326
19.85
15.79
3.626
2.008
18.4
15.01
4.123
22.08
14.96
15.18
19.29
20.62
7.449
25.01
16.24
20.35
24.94
5.222
4.361
5.587
21.8
13.39
22.38
13.92
18.85
4.255
14.67
5.277
14.45
5.406
6.805
16.99
25.48
10.25
11.06
26.66
19.16
19.53
2.662
1.982
17.03
3.492
22.3
8.757
27.51
23.86
8.886
21.81
21.19
18.02
15.35
20.82
24.34
14.87
21.43
17.62
15.43
14.99
12.13
3.069
22.57
15.47
20.55
11.35
3.997
25.4
18.02
5.541
25.23
6.757
20.07
16.88
20.21
9.706
10.19
18.03
10.38
9.011
22.98
12.83
15.54
5.958
2.597
10.12
17.18
9.023
5.54
6.113
10.22
7.284
23.31
22.52
17.34
21.32
20.41
15.55
17.53
16.21
14.99
5.007
24.85
9.62
19.27
18.2
24.02
16.75
11.01
20.41
13.98
8.943
25.73
3.869
15.84
14.54
15.22
4.011
21.64
14.27
21.46
22.03
16.83
21.99
9.257
14.51
19.13
4.694
20.33
23.32
9.088
19.59
2.322
9.96
4.857
23.02
14.69
28.87
24.82
14.99
11.67
1.651
8.037
21.25
6.583
14.76
11.63
8.455
13.27
22.94
16.84
15.1
6.685
20.34
23.42
13.98
16.76
12.65
5.307
11.54
20.66
5.607
14.81
17.15
21.93
8.506
21.75
15.9
13.8
6.853
16.92
21.3
11.11
20.88
16.2
14.89
15.39
18
13.15
11.43
14.87
11.61
17.72
21.94
8.067
21.66
15.21
1.992
22.65
21.29
20.92
17.55
11.92
6.995
14.1
9.248
13.06
17.7
28.57
4.881
13.82
15.2
7.242
19.55
21.13
17.68
25.66
17.98
14.68
13.94
2.226
11.34
20.68
24.02
16.02
21.12
28.39
27.04
21.28
4.018
17.64
10.13
8.698
14.39
16.94
15.82
2.126
11.76
5.18
29.13
16.49
14.94
21.31
19.34
4.003
20.92
28.15
16.11
15.85
17.91
21.18
11.03
19.59
11.44
16.7
22.79
4.426
7.916
22.74
10.44
10.03
12.51
28.98
15.91
18.97
14.95
18.27
22.07
8.27
24.73
12.23
20.46
22.35
4.019
11.99
5.053
27.36
17.13
16.72
17.06
3.508
2.36
17.35
7.176
15.02
0.172
18.09
19.37
18.09
4.303
10.01
20.78
14.82
26.35
22.36
20.23
24.4
15.39
15.93
0.522
5.742
10.37
17.84
27.83
0.488
19.25
13.9
18.89
25.85
17.67
17.67
9.852
19.33
22.86
1.787
16.15
20.79
7.211
9.25
21.29
20.2
1.3
21.17
19.62
2.733
19.44
27.98
4.349
2.667
18.71
28.67
17.22
9.321
10.13
15.84
10.89
17.59
6.644
16.75
18.85
9.549
14.3
16.47
17.51
13.75
23.59
25.95
25.73
24.72
4.274
7.551
12.17
14.52
10.5
27.57
23.81
18.32
24.43
4.679
16.32
11.88
24.51
22.1
15.44
14.75
9.306
16.41
15.89
21.47
22.79
4.955
22.12
14.51
0.14
21.82
7.67
3.948
14.72
27.37
7.63
16.49
6.051
24.77
0.761
15.92
7.254
25.57
18.02
18.75
13.45
21.2
14.72
15.43
15.19
22.45
3.395
22.66
14.59
23.14
25.23
19.96
23.14
6.503
16.09
22.21
15.23
25.07
21.32
12.14
14.14
0.885
13.12
25.49
12.59
23.84
15.72
22.03
19.33
16.84
13.74
20.61
2.158
9.315
20.36
29.24
22.71
21.09
22.89
9.545
11.02
17.89
2.218
6.263
13.2
17.13
16.69
20.9
21.36
24.05
9.514
11.05
20.59
21.46
23.84
13.26
14.96
20.24
16.16
28.4
18.57
16.54
24.73
20.28
12.61
22.11
14.44
14.09
10.85
23.94
23.28
23.26
23.78
8.224
22.03
29.96
15.79
17.76
21.33
15.4
20.6
9.655
19.72
4.866
1.84
24.07
20.06
17.41
8.546
6.702
2.898
21.62
22.25
27.57
7.606
20.56
15.6
16.43
26.07
18.04
0.274
12.52
1.683
11.8
19.35
25.88
11.49
14.54
18.16
15.37
20.73
17.19
21.35
27.2
23.41
9.458
15.13
19.9
6.041
17.53
23.69
5.193
12.82
13.64
16.6
2.922
15.19
7.543
13.57
19.31
15.06
15.11
25.2
23.55
19.31
21.05
26.4
26.57
18.42
24.28
7.904
6.347
24.1
14.98
19.89
2.322
21.25
8.96
27.93
16.09
18.62
10.89
24.06
24.01
10.52
16.04
16.04
5.547
10.66
20.27
25.64
27.89
16.98
19.47
7.628
18.41
19.75
11.98
20.36
24.14
22.3
28.38
22.17
17.54
23.95
24.36
15.18
15.19
21.35
24.13
14.85
25.02
22.59
0.949
16.01
21.18
16.65
24.01
17.54
23.1
17.85
7.887
25.79
22.13
12.21
20.5
15.08
15.41
3.987
26.71
6.139
25.47
25.76
16.34
3.493
0.976
21.93
5.197
20.53
10.04
20.38
2.931
23.52
21
20.79
6.458
2.707
18.84
15.51
7.957
16.32
23.44
6.269
14.01
28.63
18.3
2.818
10.2
17.4
18.68
14.53
23.59
28.95
29.78
8.612
15.93
24.36
19.17
1.18
15.08
15.62
18.72
5.758
13.71
21.8
8.537
15.01
7.822
18.85
14.16
21.51
25.02
23.17
13.2
18.31
18.93
13.85
21.05
5.469
22.9
2.339
3.276
23.76
25.37
25.75
19.1
24.9
19.19
9.541
12.21
21.26
24.79
11.45
8.183
20.02
9.198
25.98
19.45
15.41
19.86
3.831
22.46
19.48
17.52
13.9
13.33
24.21
2.669
26.21
20.53
25.4
26.53
26.37
19.12
11.43
9.255
9.253
27.59
21.84
7.892
29.78
3.349
15.74
20.24
0.219
1.397
2.116
12.47
21.07
29.01
8.432
7.642
14.94
7.979
7.798
4.847
4.487
24.69
5.617
24.35
10.92
19.81
8.357
25.64
14.88
17.83
27.69
20.91
20.63
19.23
20.32
23.53
20.61
19.15
27.98
9.438
25.38
3.288
19.61
14.72
16.24
21.75
20.17
6.533
6.136
8.024
15.43
21.31
24.55
23.32
24.83
29.46
21.32
18.28
12.68
3.086
17.59
16.2
26.2
20.88
21.26
19.68
25.49
2.221
18.28
6.243
15.73
22.06
25
24.56
28.91
21.13
14.48
14.23
17.55
21.5
23.94
5.224
22.88
26.66
19.17
19.55
29.71
26.68
20.1
16.27
22.87
28.42
21.87
11.85
21.07
23.83
7.973
11.02
18.98
17.05
7.222
14.95
27.05
23.95
9.734
9.419
24.07
17.58
25.79
28.86
20.35
16.68
25.07
3.53
6.976
14.9
27.51
20.58
15.61
16.93
27.4
22.79
14.69
19.68
2.905
19.11
8.914
4.087
20.8
10.92
9.007
29.44
29.32
10.53
21.09
2.357
15.41
20.58
12.38
15.39
9.339
1.618
14.01
29.2
6.569
29.24
15.72
7.187
18.93
3.001
8.87
14.56
13.36
29.4
15.96
19.75
17.5
24.59
27.46
13.48
5.412
13.07
18.72
14.92
18.67
20.61
23.19
19.63
24.74
4.967
21.42
4.119
24.95
17.17
19.42
15.13
16.54
7.423
22.71
1.248
23.03
24.1
15.56
2.397
29.62
18.74
23.1
16.88
18.08
6.215
2.071
18.41
20.22
4.281
1.17
12.35
27.43
2.864
18.95
28.53
5.695
6.974
1.79
16.79
21.7
25.94
22.08
14.69
28.68
6.259
24.06
15.92
21
26.36
10.2
29.45
15.05
24.78
19.34
6.296
22.49
2.617
28.53
24.48
22.49
28
21.29
21.94
9.908
24.76
5.589
28.5
2.317
14.19
14.87
14.53
20.85
18.64
29.02
23.75
23.22
10.81
20.61
27.71
7.084
9.592
14.11
7.793
27.89
22.84
14.29
7.497
8.433
19.99
17.42
23.68
8.773
14.24
14.85
13.41
16.28
26.66
16.5
8.968
15.79
20.14
12.67
11.87
29.17
10
19.95
6.167
13.25
22.67
11.48
10.46
10.46
24.19
15.02
0.935
5.177
17.55
4.951
19.6
22.34
19.92
11.99
18.74
14.28
29.67
14.71
18.06
9.765
26.53
25.18
12.82
14.09
23.43
8.055
0.544
2.398
15.58
9.822
4.799
8.834
14.42
19.19
15.2
10.06
19.53
21.66
18.64
25.89
14.76
14.76
10.43
12.24
13.85
20.34
19.29
5.94
13.9
14.45
19.02
27.73
9.815
14.25
13.86
23.83
20.39
15.91
20.28
16.89
9.798
24.94
29.24
14.44
5.052
29.7
6.348
16.66
18.92
0.909
18.3
1.357
17.3
5.133
18.72
14.43
17.8
26.97
15.34
15.63
7.447
14.83
21.45
20.55
28.79
17.53
11.31
22.68
15.35
14.4
4.854
28.44
14.84
14.84
15.31
14.54
3.823
8.837
12.63
12.08
9.546
21.78
27.83
24
22.76
24.57
17.46
23.36
5.123
7.513
20.96
20.52
29.62
8.575
28.95
25.24
24.76
22.2
19.21
11.9
2.664
5.397
24.66
14.69
20.69
21.19
23.03
26.97
13.96
28.3
15.45
14.72
17.49
19.17
22.66
24.08
11.49
12.18
2.194
16.98
16.66
14.8
13.41
20.72
3.658
14.84
11.61
7.448
4.42
25.84
18.05
10.82
12.62
7.101
13.7
25.24
14.84
17.49
8.208
27.35
20.11
5.892
16.1
8.973
28.3
15.38
14.74
17.12
13.64
15.09
12.94
26.3
24.95
15.2
9.665
13.72
25.53
0.56
13.29
10.64
15.06
20.62
21.98
23.59
10.22
17.43
24.28
18.17
13.55
25.4
19.42
29.87
17.66
19.25
28.91
1.439
19.75
21.69
11.82
29.36
7.977
14.95
17.9
18.85
19.83
25.45
14.74
18.42
27.59
14.89
29.13
10.79
18.25
19.32
21.56
15.9
14.94
4.033
27.33
14.76
29.24
14.39
16.64
17.31
11.12
3.642
15.18
17.4
17.38
14.33
20.33
21.58
26.14
17.6
14.96
10.56
11.27
7.359
13.56
20.9
10.21
17.07
10.49
15.71
10.59
15.83
20.85
22.04
12.97
27.06
30
26.89
11.54
3.155
7.175
27.39
29.72
13.22
19.64
18.74
4.419
10.6
1.994
13.9
14.97
11.24
22.45
26.14
11.87
15.18
18.28
25.45
26.93
3.401
28.92
2.347
10.8
14.53
16.25
3.882
4.4
7.277
27.99
11.5
17.54
14.35
2.191
20.76
10.64
28.36
29.14
5.965
21.61
16.45
29.63
18.24
24.66
19.36
19.9
18.1
22.61
12.06
14.92
21.55
23.95
14.85
23.4
13.87
10.47
3.958
18.9
25.08
28.19
27.78
16.9
12.78
18.24
12.66
6.154
19.25
11.78
5.929
29.81
19.32
10.27
29.69
12.85
3.446
3.715
2.654
14.11
18.8
26.55
24.41
1.048
16.13
21.62
25.55
10.81
22.87
14.21
24.93
1.424
17.68
15.05
12.42
14.42
0.515
8.29
7.922
24.82
18.48
14.08
12.09
28.52
17.72
13.07
7.907
20.68
29.25
19.79
20.02
18.12
21.8
3.242
11.39
12.85
29.48
14.97
23.94
26.91
11.33
8.955
6.95
10.39
22.76
24.35
10.21
11.41
18.37
6.908
11.64
28.68
14.9
18.36
22.94
21.63
11.65
14.54
10.31
8.378
28.75
19.08
6.488
25.92
1.286
11.1
8.196
20.55
17.38
15.22
11.56
11.74
16.19
17.12
1.081
7.26
25.21
18.83
12.79
15.35
29.43
27.51
20.74
20.91
0.095
22.28
26.03
23.1
17.18
1.485
16.05
17.22
8.568
3.716
8.674
16.57
22.69
11.29
14.76
12.51
14.46
15.06
2.726
13.74
23.5
7.573
23.69
11.49
10.92
27.66
24.05
23.96
14.66
23.45
5.329
7.311
23.16
8.218
16.92
14.78
28.47
24.73
7.233
4.726
13.42
2.917
11.32
11.27
11.33
26.24
3.473
2.259
8
1.002
11.91
13
25.6
19.59
5.995
25.87
25.74
15.09
16.16
14.67
20.73
26.05
7.011
13.23
20.75
14.75
1.397
1.05
7.436
11.57
15.25
21.47
22.08
29.43
7.644
10.61
16.46
5.423
18.86
7.317
28.58
1.437
23.61
22.22
12.73
14.95
21.2
15.58
3.557
28.43
21.16
1.944
22.38
1.235
1.617
17.82
6.702
29.33
10.67
12.35
29.43
18.57
3.967
20.92
6.619
13.51
13.79
14.83
24.56
11.26
28.11
15
22.62
15
21.4
15.34
20.39
13.64
14.97
18.63
16.54
12.05
27.54
20.77
2.53
12.23
6.006
23.53
12.26
14.77
11.27
27.98
20.49
3.577
4.709
12.79
4.63
22.37
19.41
6.727
10.35
4.259
8.215
5.945
8.864
28.88
2.372
12.2
10.11
17.34
14.55
0.238
14.11
4.158
14.51
5.913
7.539
1.849
12.36
22.38
12.52
0.507
6.118
21.46
7.425
18.84
11.67
19.74
4.182
27.03
20.25
14.31
25.41
12.13
19.54
14.92
15.86
3.227
0.23
29.96
4.52
12.81
6.298
5.844
15.85
21.77
12.36
5.609
10.95
15.18
9.421
1.34
24.63
15.6
18.06
15.75
4.819
1.531
19.11
14.77
17.89
19.75
18.35
14.58
11.77
8.305
5.93
2.619
11.29
0.081
11.39
26.61
21.09
2.445
0.237
12.43
20.35
11.73
8.415
19.7
1.154
9.912
7.022
29.79
27.45
14.76
19.96
11.77
9.73
13.14
28.07
5.249
5.691
15
14.5
7.251
16.17
20.59
6.893
8.111
9.647
25.77
23.56
26.82
15.11
1.561
12.47
24.08
15.71
15.15
25.32
4.369
9.932
14.99
10.96
10.8
2.49
19.87
13.61
12.61
15.23
6.404
15.66
25.18
7.605
7.988
12.2
20.91
10.96
1.673
11.06
7.202
16.92
3.884
10.32
22.74
20.89
16.12
11.89
12.31
15.24
23.45
6.756
11.22
22.42
6.108
19.26
4.567
15
13.36
12.99
12.13
10.32
3.45
1.878
1.061
14.69
19.83
14.56
7.792
16.8
12.27
22.85
1.36
18.05
13.79
13.35
15.58
23.3
13.73
19.93
12.61
7.081
28.98
27.12
4.484
11.85
16.45
15.1
8.337
1.387
15.59
6.403
19.94
7.14
15.42
9.022
28.43
18.1
14.28
6.83
26.83
11.25
10.91
19.47
15.07
18.22
28.2
2.692
25.92
13.08
27.01
15.26
7.195
19.22
22.32
22.87
6.555
27.44
17.51
1.668
26.83
16.26
18.91
11.17
13.44
13.73
13.1
14.24
12.75
16.61
13.95
10.98
18.8
12.71
8.989
17.4
26.47
16.89
13.08
11.15
17.55
15.44
12.82
10.46
15.02
8.043
5.083
5.182
6.867
19.07
11.17
12.52
9.565
15.45
3.976
11.81
11.32
12.43
15.74
2.404
8.217
19.34
16.4
22.55
2.499
15.1
8.801
20.43
15.11
18.6
12.02
18.75
20.83
25.52
3.219
22.76
27.82
10.78
19.01
11.71
5.042
8.383
17.76
22.11
14.9
27.76
15.27
11.28
22.82
21.96
11.95
21.73
14.53
9.723
9.026
6.85
12.7
0.288
18.2
12.94
15.89
15
13.89
4.246
12.15
19.17
19.17
14.81
8.335
4.547
15.54
16.11
17.16
16.41
21.07
12.67
8.103
12.7
16.36
22.64
8.354
0.741
13.47
21.43
21.76
8.567
27.26
14.98
14.43
4.842
23.27
27.19
18.36
20.1
24.98
19.85
20.12
25.49
5.331
10.35
15.92
13.87
7.647
12.04
23.93
11.73
8.92
23.08
16.36
29.72
28.86
8.088
13.88
10.38
7.92
11.64
1.659
8.842
14.73
22.53
7.939
11.36
15.01
24.77
19.48
13.49
20.46
15.18
1.626
24.97
15
15.2
0.074
2.113
14.86
15.2
5.628
0.398
13.97
15.49
29.02
4.596
5.609
14.99
21.43
14.53
28.19
12.05
10.75
9.892
5.103
11.54
21.44
9.112
8.358
27.31
15.64
4.757
15.22
11.95
15.69
28.03
13.08
9.402
14.8
13.27
17.8
28.65
12.88
9.503
13.67
22.32
20.61
3.711
6.074
10.82
19.95
11.85
18.7
23.92
7.732
14.8
27.33
13.4
10.16
5.977
16.78
13.9
10.4
5.728
14.72
14.56
6.034
17.29
21.05
10.99
19.24
1.007
24.12
29.75
10.59
13.37
10.78
7.382
22.41
22.98
5.619
12.42
20.31
25.72
21.74
13.62
26.36
6.237
21.89
9.084
19.82
18.51
7.868
13.5
23.28
7.111
26.98
28.46
26.11
8.9
24.84
16.83
19.59
28.68
12.98
4.695
24.68
13.58
13.06
16.48
26.02
6.981
6.72
17.23
13.7
13.63
23.18
13.42
12.66
22.54
15.61
20.43
11.66
10.61
2.257
10.78
6.096
16.1
24.4
14.56
1.081
8.09
21.76
19.43
19.43
11.65
13.01
12.8
7.374
27.15
13.54
17.53
21.68
15.13
13.94
1.316
11.07
28.64
10.02
2.205
9.629
13.62
14.79
12.5
13.07
4.692
13.4
17.87
18.65
14.76
7.928
9.105
10.96
15.04
6.221
14.66
8.464
12.29
7.524
12.24
29.7
16.11
15.18
13.43
8.443
16.49
3.775
13.42
15.09
4.046
17.04
14.47
4.446
1.326
4.716
16.92
19.21
16.91
20.34
26.78
11.8
28.27
11.77
8.208
17.95
24.07
17.45
3.186
15.62
9.974
12.47
8.151
20.13
14.86
12.93
16.83
24.62
10.52
27.9
1.47
21.49
18.88
11.2
15.53
15.83
28.63
17.22
3.533
2.539
27.47
18.17
19.27
11.14
14.31
14.35
23.25
19.93
14.63
29.32
21.63
22.44
9.494
11.2
24.93
8.161
12.71
19.45
11.88
15.71
16.09
5.985
10.18
14.18
13.47
5.297
21.27
20.97
16.56
13.42
14.47
8.099
15.19
15.6
4.617
1.337
25.59
6.479
13.99
8.379
26.76
19.02
15.06
19.87
8.005
14.4
2.7
26.34
27.97
7.742
16.33
13.5
20.04
3.227
24.55
18.67
25.39
20.01
9.983
10.09
7.079
15.68
9.804
18.7
17.14
26.61
1.76
16.21
20.62
16.62
18.45
14.4
16.62
23.56
23.59
10.65
17.65
8.222
6.43
16.22
24.78
15.14
8.565
15.81
20.31
13.01
9.739
29.69
3.821
6.141
15.69
6.447
20.07
5.707
7.354
26.59
10.98
10.14
19.57
21.75
5.862
17.92
18.14
13
13.75
14.32
6.392
26.63
29.46
21.4
6.035
13.26
4.61
8.884
16.52
15.88
14.84
1.493
14.63
12.16
14.11
28.78
11.8
25.07
13.01
23.53
0.551
16.36
17.08
12.94
8.232
14.94
20.04
7.215
16.41
13.84
18.41
9.955
22.19
15.49
16.66
4.816
15.34
24.63
14.62
18.3
27.63
12.15
14.76
25.8
11.15
23.66
0.9
25.32
2.127
10.13
21.5
10.68
4.246
28.77
16.08
17.71
20.88
19.5
13.07
18.61
11.33
17.29
16.87
10.94
28.96
14.8
17.56
12.42
14.89
1.51
28.98
13.73
13.85
27.87
18.49
15.61
11.14
13.72
18.16
2.117
7.935
2.128
14.49
21.85
9.149
4.529
3.174
29.29
15.25
10.87
7.152
19.09
13.34
23.49
17.27
9.357
8.564
17.99
16.53
14.04
19.22
15.49
18.07
13.87
17.17
3.453
13.06
11.38
15.43
6.886
16.86
14.67
25.51
8.332
15.21
21.87
18.24
15.18
13.6
7.053
24.84
19.28
10.11
15.08
3.475
25.39
9.312
14.94
21.46
14.45
15.57
18.4
12.5
15.14
14.81
24.86
6.655
13.04
3.269
8.34
0.229
15.42
6.918
9.029
14.94
11.84
11.53
7.761
15.52
15.97
8.517
17.96
21.35
13
9.504
12.58
12.39
7.482
15.54
3.908
12.99
17.95
4.095
14.44
16.68
3.446
11.35
13.28
1.917
8.327
16.23
28.87
16.6
13.01
23.79
9.079
5.396
12.05
26.74
14.78
24.55
16.44
3.074
8.812
14.72
9.881
15.18
28.6
29.33
9.204
27.85
21.14
8.824
21.38
19.46
0.113
19.45
12.99
20.21
15.81
14.93
9.569
13.27
15.12
14.51
14.77
15.55
15.68
14.74
19.74
15.08
1.792
26.31
10.21
9.33
1.002
14.76
13.94
13.32
13.12
19.76
6.301
14.47
16.02
7.724
18.91
13.64
10.03
0.816
23.92
29.93
11.2
28.3
15.13
4.571
14.73
9.734
21.37
7.801
8.866
15.09
25.01
28.19
11.2
15.63
20.14
25.76
14.19
18.59
10.38
11.53
10.51
9.001
26.05
9.891
12.42
27.86
1.368
16.87
13.95
9.412
18.7
29.65
10.59
24.59
12.36
22.59
16.74
11.29
10.89
8.97
29.62
14.69
8.662
8.712
10.35
10.58
9.797
14.95
11.42
13.05
20.55
24.72
2.281
9.544
7.857
11.79
9.769
15.06
12
12.1
15.71
17.25
12.08
10.12
9.171
10.11
9.17
15.26
14.63
16.42
14.57
17.54
10.76
10.37
28.15
11.16
20.4
24.66
11.09
11.76
15.28
1.764
1.712
18.7
24.11
11.06
14.75
9.993
17.71
14.93
10.29
14.82
15.01
10.42
11.6
6.667
13.68
12.02
3.267
9.834
18.82
11.05
4.174
10.5
10.25
14.07
19.04
15.54
29.95
25.57
29.67
17.5
13.03
15.53
5.661
11.79
11
21.92
21.43
9.679
5.742
15.27
18.01
0.202
10.84
2.745
22.78
10.96
12.87
13.88
8.203
12.8
5.406
10.75
10.34
15.14
11.11
16.95
16.82
14.53
13.88
6.02
18.01
9.104
21.05
18.33
20.54
5.829
13.97
12.22
27.16
14.26
27.36
9.999
11.63
15.53
10.69
25.74
14.86
10.67
13.5
3.396
15.38
15.68
11.62
8.804
10.21
10.07
18.38
10.67
10.15
5.743
27.09
9.996
11.01
15.34
9.799
10.66
21.43
7.826
11.15
28.66
19.07
17.95
15.31
13.62
10.37
14.42
7.86
9.681
10.24
12.84
25.47
10.03
10.03
2.904
27.24
25.03
12.32
26.38
15.29
10.86
10.17
9.877
14.97
18.53
10.11
20.8
12.13
9.194
9.68
4.428
14.59
22.52
13.47
4.731
15.2
10.57
7.658
18.49
15.5
14.15
14.89
27.96
24.2
7.536
13.51
11.58
18.52
11.31
2.455
9.886
11.4
23.29
19.43
15.06
0.683
13.68
20.27
14.85
10.66
11.57
22.22
15.36
17.82
19.79
11.13
15.33
8.185
2.041
13.67
4.249
8.85
8.792
13.42
1.975
5.414
2.171
17.8
2.395
18.84
27.35
8.989
13.41
9.66
20.69
1.616
22.1
17.84
17.84
17.6
13.72
4.676
14.67
11.83
16.74
29.85
14.26
8.011
17.64
7.26
20.01
5.011
25.98
6.295
17.84
13.52
18.99
13.66
6.683
8.299
15.58
15.05
14.24
14.96
3.186
14.85
14.74
24.82
25.19
22.33
15.54
5.636
2.148
1.036
14.06
23.09
14.9
16.07
28.61
16.72
15.59
9.9
14.79
26.5
12.21
4.535
25.81
2.315
14.84
19.31
17.64
14.29
14.59
6.163
15.56
15.09
23.3
10.56
12.62
10.85
26.39
15.29
29.03
21.63
14.96
3.819
16.59
15.58
19.49
14.24
14.75
7.428
5.362
8.066
12.7
24.31
14.94
12.32
7.62
14.07
10.89
13.53
15.29
25.54
14.14
13.48
10.77
14.15
14.7
19.39
20.54
6.995
15.22
13.17
15.13
18.64
15.79
8.067
5.036
20.37
5.8
3.383
2.306
14.74
7.045
14.32
5.155
13.07
12.2
5.877
1.508
14.85
6.052
16.42
14.57
21.43
13.01
17.43
20.12
15.42
1.955
11.92
5.877
15.08
14.58
15.2
14.93
13.5
15.41
23.3
5.289
6.599
8.428
13.09
28.54
15.6
14.87
26.45
14.78
16.42
29.31
18.58
8.838
15.44
8.229
15.59
14.22
15.33
8.534
3.757
15.31
27.27
26.72
15.14
19.75
15.22
22.21
17.27
15.08
15.1
18.18
15.17
17.68
13.37
25.09
26.58
6.54
23.62
15.4
3.053
17.82
15.86
0.428
29.93
10.01
5.718
26.31
8.453
20.6
3.554
15.24
24.56
0.697
24.59
11.47
23.91
13.12
28.55
24.5
15.02
29.8
0.49
15.14
15.94
19.6
8.842
1.79
14.83
18.78
9.359
16.31
15.33
15.59
14.64
16.75
10.19
5.971
13.06
14.47
23.32
15.58
12.4
10.35
11.61
11.44
15.17
15.11
28.73
1.929
28.61
14.58
15.57
5.82
1.976
14.52
25.04
27.06
15.64
14.98
24.56
15.63
2.435
15.33
21.42
8.032
17.19
27.29
8.574
1.688
26.19
15.11
8.148
2.365
15.25
21.08
10.13
0.593
16.22
15.14
10.21
26.45
27.52
15.17
28.48
17.84
14.23
15.87
3.039
15.98
15.21
3.383
29.62
15.43
5.425
12.85
12.37
25.99
13.07
12.17
15.56
21.77
16.8
14.86
15.05
14.55
14.42
5.411
22.41
20.1
26.59
18.38
19.59
5.668
14.89
26.32
0.406
16.75
14.62
27.82
10.62
22.5
10.7
13.99
15.43
18.39
14.71
16.39
9.471
15.17
0.871
1.517
5.215
24.91
14.75
24.02
9.223
12.67
11.85
15.29
9.94
16.11
12.75
16.94
11.43
28.7
17.86
15.19
25.57
8.393
15.03
0.563
14.68
14.82
6.833
15.25
14.62
20.66
1.586
26.89
17.08
15.12
26.86
14.97
3.701
29.89
25.2
15.13
2.403
26.23
14.65
29.78
4.015
20.56
14.47
28.15
24.45
28.41
7.442
27.51
4.611
28.41
20.62
15.89
1.577
21.28
14.99
25.23
8.15
15.17
15.14
17.02
29.52
14.86
14.67
28.1
12.91
7.265
27.87
18.07
15.04
4.187
28.38
14.28
12.79
10.28
0.453
28.2
14.71
16.42
27.61
8.081
28.14
22.01
13.88
14.86
14.57
6.918
28.22
15.27
29.23
15.2
1.678
21.8
3.457
14.85
14.09
27.78
26.63
29.97
18.37
24.85
26.54
28.28
14.81
21.76
11.32
3.83
28.4
28.14
19.87
14.4
14.72
3.025
27.28
17.91
15.06
15.37
17.59
2.213
14.54
27.53
3.562
26.81
28.46
29.92
6.01
4.242
28.29
28.84
28.33
29.24
10.5
14.89
14.78
14.8
29.47
29.83
29.86
29.35
15.33
27.08
1.335
28.84
13.64
14.53
12.9
14.86
23.97
2.239
29.45
23.06
15.03
17
28.21
8.694
27.31
27.06
21.45
14.87
28.8
14.82
29.98
14.99
14.94
26.2
14.78
15.5
5.253
19.95
28.06
27.44
27.48
15.13
27.45
27.89
15.12
17.49
27.25
20
25.98
14.39
29.92
13.81
14.46
11.98
5.875
14.9
15.23
27.42
9.737
15.6
0.938
28.36
10.65
28.93
1.834
28.62
10.18
29.89
18.72
20.67
26.72
29.46
14.84
26.57
14.95
23.34
28.78
14.21
5.881
25.79
5.359
15.04
15.15
14.87
28.03
11.91
15.07
26.03
15.05
26.34
6.914
26.65
27.48
27.78
20.96
21.6
15.02
26.5
14.84
15.03
29.55
21.48
25.88
20.35
15.35
26.43
25.59
15.08
26.08
7.705
10.45
25.35
0.98
15.14
25.52
15.11
25.22
25.33
25.26
1.159
15.21
4.539
25.08
14.99
14.99
15.02
25
15
15.01
15
15
14.97