72.1400000000000
-66350
-7.98100000000000
-43.9900000000000
59580000
-62.8700000000000
-7.94600000000000
38.4100000000000
12.5700000000000
19.9800000000000
48.2600000000000
-3.14000000000000
16.4800000000000
-7.46700000000000
1.59000000000000
56.6600000000000
36.3400000000000
39.7700000000000
62.2600000000000
8.65200000000000
14870
18.5200000000000
22.1700000000000
51.5400000000000
13.2500000000000
34.0200000000000
-4.88800000000000
55.7100000000000
40.0200000000000
94890
-7.87900000000000
-8.15400000000000
1707
160.700000000000
-71.6200000000000
14.0600000000000
-128300
40.3200000000000
139500
51560
1.66800000000000
31.4600000000000
3.46600000000000
-5.52300000000000
-51.5600000000000
1.66800000000000
-20.8800000000000
-4.57700000000000
-6.65500000000000
29.9800000000000
29.9700000000000
83.5600000000000
34.6400000000000
34010
9.26900000000000
80.3700000000000
32.6300000000000
61.8400000000000
29.9700000000000
29.9700000000000
57.3300000000000
8.12000000000000
61.8600000000000
-2.93200000000000
120100
78.4300000000000
1999
67.2000000000000
9197
39.5900000000000
29.9700000000000
29.9800000000000
8.12400000000000
3.23300000000000
26.7200000000000
75.8800000000000
25.7100000000000
63.7800000000000
79.6200000000000
51260
62.5400000000000
62.5200000000000
32.5700000000000
15140
29.9700000000000
75.5800000000000
43.7700000000000
57510
269.300000000000
106.700000000000
62.1700000000000
351.300000000000
-703.400000000000
39.4300000000000
35.6900000000000
32670
24.9000000000000
30.8200000000000
155.800000000000
29.1800000000000
45.1400000000000
51.7800000000000
81020
39210
31370
72.3300000000000
32600
419700
33.5500000000000
147.900000000000
71190
54.2100000000000
-151.700000000000
181.300000000000
29.9800000000000
82.3300000000000
70.3200000000000
59.5500000000000
189
63.1500000000000
47.2400000000000
45.5800000000000
73.9400000000000
39.9700000000000
16.9300000000000
75230
79.9700000000000
66.7600000000000
131.100000000000
-1595
63.6500000000000
57700
54.6900000000000
71.7600000000000
29.9800000000000
30.0300000000000
176.100000000000
29.9700000000000
70990
38420
30
226.200000000000
405.500000000000
29.0700000000000
3798
67.0800000000000
31490
75.1800000000000
63.5400000000000
56.6600000000000
30
72.3600000000000
59.0700000000000
29.9900000000000
29.9700000000000
30.0200000000000
29.9900000000000
30.0500000000000
115.700000000000
130300
70.8400000000000
70.0100000000000
72.3500000000000
860.700000000000
44.4900000000000
70.1300000000000
78.0200000000000
9.89800000000000
488.500000000000
60.9800000000000
70.3300000000000
8085
31.3800000000000
158.900000000000
9.57800000000000
29.9800000000000
9.57800000000000
55.6200000000000
30.0100000000000
29.9800000000000
79.4800000000000
29.9400000000000
29.9600000000000
29.9900000000000
73.3500000000000
66.9000000000000
59.8500000000000
75290
30
15.6300000000000
29.9700000000000
62.4500000000000
47050
30.0400000000000
29.9800000000000
29.9900000000000
29.9900000000000
30.0900000000000
30.0800000000000
29.9700000000000
29.9800000000000
29.9700000000000
74.8100000000000
64.4200000000000
262.500000000000
30.0600000000000
30.0900000000000
3705
80.6400000000000
30.0800000000000
29.9800000000000
65.3900000000000
29.9800000000000
95.2800000000000
330.300000000000
30.0500000000000
54.5500000000000
29.9900000000000
77.7700000000000
62.2300000000000
72.8100000000000
224.300000000000
61.9400000000000
60.2800000000000
79.0400000000000
29.9900000000000
30.0800000000000
30.0500000000000
31.7800000000000
18.3100000000000
69.9100000000000
70.1100000000000
62.1300000000000
2051
-245
30.1000000000000
20610
64.3100000000000
38.2800000000000
34.5600000000000
30.1000000000000
29.9800000000000
29.9800000000000
29.9600000000000
62.2700000000000
16.6300000000000
82.5200000000000
30.0700000000000
30.0400000000000
8.47500000000000
32650
86.5600000000000
45.3600000000000
29.9800000000000
60.7400000000000
63.7100000000000
60.9100000000000
78.5500000000000
44.4200000000000
80.8000000000000
29.9700000000000
39.0700000000000
30
114.800000000000
30.0500000000000
8.48000000000000
20.1300000000000
30.1200000000000
26620
30.0800000000000
81460
367100
74.3000000000000
31480
138.900000000000
30.8200000000000
37.7200000000000
59540
-3.88400000000000
7279
8.50700000000000
59540
42.4100000000000
42.3800000000000
86060
37.4000000000000
33.2800000000000
38.4400000000000
8777
32290
282.200000000000
260300
-78050
104
101.400000000000
120
130.900000000000
138.800000000000
-27130
14.5100000000000
12.5200000000000
50510
-29420
137800
45.6600000000000
7765
35.9600000000000
279.400000000000
1313
-53570
70990
40.6600000000000
62.8600000000000
102800
115400
4290
28.6400000000000
70.0600000000000
30.0200000000000
132300
36.0700000000000
51.5600000000000
-29.8700000000000
6329
301.100000000000
59020
40020
115600
109.300000000000
66.6600000000000
8768
9.16500000000000
5113
-46620
2375
100400
-23.2900000000000
9.24900000000000
30.0100000000000
36.8800000000000
-61700
47450
21.0500000000000
-16430
599.800000000000
-8.19400000000000
-8.03500000000000
52.7500000000000
56.4500000000000
59.7600000000000
29.9800000000000
-8.15300000000000
2.66400000000000
52.9600000000000
54.0300000000000
-8.15400000000000
-11340
-8.13900000000000
30.0600000000000
1757
33.9300000000000
-98.3000000000000
20.7000000000000
-170.600000000000
12.5600000000000
-137.500000000000
52.4100000000000
8.22900000000000
76.2100000000000
12050
11320
-22.1200000000000
84.4700000000000
-7.32400000000000
30.1000000000000
29.9800000000000
62.1600000000000
-8.05200000000000
43.2300000000000
19.8900000000000
30.0400000000000
30.0500000000000
30.0800000000000
30.0900000000000
29.9700000000000
30.1100000000000
29.9800000000000
30.2000000000000
88840
30.0400000000000
30.0900000000000
30.1100000000000
30.0800000000000
26.2500000000000
9.56000000000000
83540
30.0800000000000
29.9900000000000
-8.05400000000000
30.1100000000000
29.9700000000000
11.5600000000000
30.0700000000000
60.5900000000000
21.1500000000000
30.0800000000000
-7.96400000000000
-8.14700000000000
10.5400000000000
-8.10500000000000
-8.11000000000000
50.4100000000000
30.0600000000000
-8.11600000000000
-7.49500000000000
73.5500000000000
-51980
30.0700000000000
30.0600000000000
-8.12800000000000
-8.08100000000000
-8.13100000000000
-8.03000000000000
-8.07300000000000
30.0700000000000
-288200
-8.11900000000000
-8.06100000000000
30.0300000000000
-34.2500000000000
-8.11300000000000
30.0600000000000
32.1900000000000
14740
46840
-8.14900000000000
-8.03600000000000
30.1000000000000
-8.11600000000000
-8.12900000000000
76.2100000000000
-36.6100000000000
-32.4100000000000
13.2200000000000
-8.13200000000000
-277000
30
-100.300000000000
29.9900000000000
311.200000000000
29.9800000000000
29.9800000000000
24.9600000000000
30.1600000000000
11.3900000000000
-8.09600000000000
-110.700000000000
67620
108200
-8.04700000000000
61.3200000000000
20.3200000000000
266.900000000000
80.8300000000000
14.1000000000000
1053
-224900
948.200000000000
-24.8300000000000
30.1000000000000
70.9300000000000
63.9500000000000
63.1900000000000
66.2600000000000
47.2400000000000
66790
29.9800000000000
13910
54.5000000000000
-24.0500000000000
90.9100000000000
58.6100000000000
39.3800000000000
81460
-42460
29.9900000000000
16.1600000000000
73810
62.8800000000000
29.9700000000000
35740
30.0700000000000
30890
29.9900000000000
9.50700000000000
-8.07400000000000
29.9800000000000
32.8500000000000
20440
-85850
-8.05600000000000
19.7900000000000
507.200000000000
-25.0800000000000
-95.8400000000000
32.7100000000000
30.1000000000000
454.500000000000
-9650
-8.12400000000000
49.6700000000000
53950
32740
30.0600000000000
-217.100000000000
-12.4000000000000
-18.3800000000000
20.1000000000000
19.3400000000000
100900
251.100000000000
9.50200000000000
-11.9300000000000
20320
75.3600000000000
-151.400000000000
62.0700000000000
758.700000000000
9.10500000000000
-20.0300000000000
397.200000000000
37.7500000000000
10.6900000000000
-15860
-731.200000000000
8331
571.100000000000
17680
255.200000000000
17200
116500
26.3800000000000
590.200000000000
59410
5461
93270
3608
-6.31100000000000
-49.3700000000000
3.62100000000000
15040
49850
6028
53680
-0.731900000000000
-3687
53920
194900
98.5800000000000
164.700000000000
21380
10060
36.9700000000000
207.400000000000
608.900000000000
-32.1500000000000
194
27.6400000000000
-26290
39.9000000000000
40010
-7.95500000000000
22.8400000000000
28.5600000000000
51000
-0.650000000000000
34.1900000000000
30.0400000000000
13.7600000000000
9.12400000000000
9.24900000000000
13.3000000000000
39.2600000000000
-32.3000000000000
773.600000000000
23.5000000000000
149800
48230
-226400
71200
34.4900000000000
130.300000000000
-10.1900000000000
-190.200000000000
4431
-11910
51.7700000000000
31.5700000000000
12.0100000000000
32.0200000000000
7174
52.9700000000000
25200
4.33200000000000
82.0600000000000
-45.7000000000000
39960
21340
55.3600000000000
5845
43.2000000000000
38.4800000000000
4.25300000000000
8371
-8.40000000000000
321000
46.4600000000000
45.1600000000000
91.0300000000000
27.8500000000000
15.5000000000000
10110
64.2200000000000
76.8300000000000
1533
28.9100000000000
0.424700000000000
4345
46.7000000000000
19050
-46960
17540
46.4400000000000
100400
-8.13900000000000
36.5600000000000
18230
97.0700000000000
174.400000000000
6227
25.3100000000000
191.100000000000
31.9000000000000
355400
81580
126.200000000000
98.7400000000000
19350
47660
-27950
-27550
12240
12.3300000000000
-5598
151.200000000000
-358600
19.7800000000000
22.9600000000000
-680900
38.7200000000000
20.3900000000000
-2466
73.1900000000000
-83.8700000000000
-124900
28.2000000000000
27.4800000000000
-76400
-12.5100000000000
35.1300000000000
4845
4517
116.200000000000
52.1600000000000
-146900
-55.2400000000000
4.91500000000000
30.0600000000000
0.938800000000000
1.48500000000000
-17220
9534
37.5000000000000
15230
123300
92.8500000000000
108100
34.1500000000000
17
64.8200000000000
3.80700000000000
-10.2500000000000
22.8800000000000
67640
-207.900000000000
40.4700000000000
-20.4500000000000
-12.7300000000000
54.9200000000000
69.7100000000000
-39090
2478
1860
145500
42470
64140
287.800000000000
18.5600000000000
241.100000000000
-3.61600000000000
-11.5300000000000
324100
-82
251.500000000000
68.6900000000000
53.3700000000000
32.4200000000000
27.5000000000000
51.4600000000000
66720
169700
55.2800000000000
28950
-3498
72110
-19.9200000000000
-27.5300000000000
193.600000000000
91.9400000000000
151.100000000000
30.1900000000000
232.200000000000
2.36200000000000
35.3100000000000
92.9800000000000
52.2900000000000
114.600000000000
30
31.7000000000000
17360
-39.4100000000000
713.500000000000
32.5900000000000
16.8500000000000
50.9000000000000
107.700000000000
54.6800000000000
18.3000000000000
7.24100000000000
32.1500000000000
30.0100000000000
17.6200000000000
-14.2200000000000
30.0400000000000
19.2000000000000
-34.6800000000000
30.0300000000000
-1985
14.6200000000000
30.0400000000000
30.0200000000000
30.0500000000000
30.0300000000000
45.8600000000000
-1196
30.0100000000000
21.8400000000000
30.0800000000000
-6969
30.0500000000000
8748
53860
-44270
12460
29.9500000000000
-46770
430
-50140
95080
-5288
29.9300000000000
-42.0800000000000
89.8700000000000
57.1200000000000
30.0300000000000
-33400
30.0300000000000
-71540
-126.600000000000
48.2500000000000
62.3900000000000
30.0500000000000
-3737
28.8900000000000