43.5300000000000
43.5600000000000
91.6700000000000
45.3800000000000
-26440
58.0400000000000
46.3400000000000
44.6200000000000
73.9900000000000
43.5500000000000
43.5500000000000
37.2000000000000
57.3900000000000
66.5100000000000
55.5900000000000
-39390
71.2200000000000
-1044
39.0600000000000
-821.900000000000
10.0300000000000
43.5600000000000
43.5300000000000
57.7700000000000
3.68200000000000
46.5800000000000
24.6100000000000
48.0100000000000
62.4500000000000
52.7200000000000
-13560
61.0400000000000
68.6400000000000
44.3400000000000
-4390
43.5300000000000
60.8500000000000
30.4400000000000
-12910
86.3000000000000
59.5200000000000
66.3600000000000
-73.0500000000000
678.400000000000
55.4200000000000
45.8500000000000
-9011
60.2400000000000
43.8900000000000
-7.86400000000000
51.4500000000000
42.7400000000000
70.5800000000000
-48730
-6338
-23060
55.2100000000000
-9102
-160000
43.1800000000000
-4.40000000000000
8791
40.0800000000000
1455
-13.9100000000000
43.5300000000000
67.2600000000000
41.6000000000000
40.9500000000000
120.800000000000
23.0700000000000
84.0300000000000
37.4000000000000
61.2300000000000
39.4900000000000
9.97000000000000
-13670
90.4000000000000
60.7200000000000
17.9300000000000
681.200000000000
81.1900000000000
-12650
35.0400000000000
58.2600000000000
43.5700000000000
43.5800000000000
75.9800000000000
43.5700000000000
-17180
-11110
43.5400000000000
73.6300000000000
-17.9000000000000
272.600000000000
-430.100000000000
57.6200000000000
-5518
49.7900000000000
72.4600000000000
68.2700000000000
43.5100000000000
48.2000000000000
63.2800000000000
43.5800000000000
43.5300000000000
43.4700000000000
43.5300000000000
43.5100000000000
101.700000000000
-27630
58.8100000000000
49.7300000000000
68.1800000000000
243.600000000000
37.7300000000000
55.9500000000000
48.5200000000000
58.1800000000000
42.2800000000000
65.5100000000000
40.3300000000000
-1935
43.0200000000000
73.2900000000000
58.0800000000000
43.5700000000000
58.0800000000000
82.3500000000000
43.5700000000000
43.5500000000000
50.7000000000000
43.5400000000000
43.5400000000000
43.5600000000000
59.0200000000000
60.9600000000000
37.7700000000000
-17680
43.5700000000000
13.5800000000000
43.5600000000000
62.7000000000000
-26390
43.5200000000000
43.5300000000000
43.5700000000000
43.5700000000000
43.5100000000000
43.5100000000000
43.5700000000000
43.5200000000000
43.5600000000000
51.6300000000000
61.6900000000000
-41.0700000000000
43.5100000000000
43.5100000000000
-1184
51.3000000000000
43.4900000000000
43.5600000000000
61.6000000000000
43.5400000000000
51.2500000000000
-63.9600000000000
43.5000000000000
68.5100000000000
43.5500000000000
89.4800000000000
67.2600000000000
61.0400000000000
-32.1300000000000
67.0400000000000
63.1400000000000
65.8400000000000
43.5400000000000
43.5100000000000
43.5200000000000
42.8100000000000
53.3900000000000
57.1500000000000
54.5500000000000
67.1800000000000
-649.100000000000
745.300000000000
43.4500000000000
-6377
64.7600000000000
40.1700000000000
45.4000000000000
43.5200000000000
43.5600000000000
43.5500000000000
43.5400000000000
68.0800000000000
48.8000000000000
72.2900000000000
43.5100000000000
43.5200000000000
57.7800000000000
-17500
66.0500000000000
74.0600000000000
43.5400000000000
64.9500000000000
71.5900000000000
63.8000000000000
55.9200000000000
37.8700000000000
54.5200000000000
43.5500000000000
40.0700000000000
43.5400000000000
48.6400000000000
43.5300000000000
57.1500000000000
62.4000000000000
43.5000000000000
-7747
43.5100000000000
-19000
-163900
-3.31100000000000
-5950
-90.3800000000000
43.1800000000000
53.1700000000000
-38720
32.1400000000000
-3367
47.6000000000000
-39550
37.0400000000000
36.9900000000000
-7985
36.7100000000000
60.6000000000000
40.4800000000000
-26240
-143300
140.800000000000
133200
-125200
65.3900000000000
57.5900000000000
10.2900000000000
-198.500000000000
62.6000000000000
-71780
81.8300000000000
71.3400000000000
107100
-40710
-7903
14.1500000000000
4546
25.8400000000000
118.100000000000
101400
-65650
-17180
37.4300000000000
63.6800000000000
11350
-82510
-4232
12.4800000000000
36.4200000000000
43.5300000000000
-198400
14.0900000000000
44.1100000000000
-81.4300000000000
-7992
72.2700000000000
-13750
-29050
-119100
59.9000000000000
40.4100000000000
24040
58.1300000000000
-4114
-45220
-6308
-121400
-100.900000000000
57.9600000000000
43.5200000000000
10.1500000000000
-53240
-132400
14.5000000000000
-105700
-1923
58.8800000000000
58.8600000000000
33.6200000000000
-55.4000000000000
66.6000000000000
43.5300000000000
58.8600000000000
21.5000000000000
47.5900000000000
26.2600000000000
58.8700000000000
-988
58.8600000000000
43.4600000000000
-2498
11.5900000000000
10.7400000000000
62.6900000000000
-106.900000000000
11.8800000000000
-19.1500000000000
30.3000000000000
57.4600000000000
56.6000000000000
38050
21670
52.5100000000000
54.7100000000000
45.3600000000000
43.5000000000000
43.5200000000000
63.6600000000000
58.8200000000000
48.8300000000000
62.5100000000000
43.5200000000000
43.5100000000000
43.4400000000000
43.5000000000000
43.5200000000000
43.4300000000000
43.5400000000000
34.1900000000000
-20020
43.4700000000000
43.4400000000000
26.5300000000000
43.4800000000000
13.0700000000000
66.7900000000000
11750
43.5000000000000
43.5100000000000
58.8700000000000
42.5800000000000
43.5100000000000
11.2900000000000
43.5200000000000
65.1400000000000
15.4300000000000
43.5100000000000
58.9300000000000
58.8700000000000
67.2700000000000
58.8300000000000
58.8300000000000
36.1500000000000
43.5300000000000
43.5600000000000
91.6700000000000
45.3800000000000
-26440
58.0400000000000
46.3400000000000
44.6200000000000
73.9900000000000
43.5500000000000
43.5500000000000
37.2000000000000
57.3900000000000
66.5100000000000
55.5900000000000
-39390
71.2200000000000
-1044
39.0600000000000
-821.900000000000
10.0300000000000
43.5600000000000
43.5300000000000
57.7700000000000
3.68200000000000
46.5800000000000
24.6100000000000
48.0100000000000
62.4500000000000
52.7200000000000
-13560
61.0400000000000
68.6400000000000
44.3400000000000
-4390
43.5300000000000
60.8500000000000
30.4400000000000
-12910
86.3000000000000
59.5200000000000
66.3600000000000
-73.0500000000000
678.400000000000
55.4200000000000
45.8500000000000
-9011
60.2400000000000
43.8900000000000
-7.86400000000000
51.4500000000000
42.7400000000000
70.5800000000000
-48730
-6338
-23060
55.2100000000000
-9102
-160000
43.1800000000000
-4.40000000000000
8791
40.0800000000000
1455
-13.9100000000000
43.5300000000000
67.2600000000000
41.6000000000000
40.9500000000000
120.800000000000
23.0700000000000
84.0300000000000
37.4000000000000
61.2300000000000
39.4900000000000
9.97000000000000
-13670
90.4000000000000
60.7200000000000
17.9300000000000
681.200000000000
81.1900000000000
-12650
35.0400000000000
58.2600000000000
43.5700000000000
43.5800000000000
75.9800000000000
43.5700000000000
-17180
-11110
43.5400000000000
73.6300000000000
-17.9000000000000
272.600000000000
-430.100000000000
57.6200000000000
-5518
49.7900000000000
72.4600000000000
68.2700000000000
43.5100000000000
48.2000000000000
63.2800000000000
43.5800000000000
43.5300000000000
43.4700000000000
43.5300000000000
43.5100000000000
101.700000000000
-27630
58.8100000000000
49.7300000000000
68.1800000000000
243.600000000000
37.7300000000000
55.9500000000000
48.5200000000000
58.1800000000000
42.2800000000000
65.5100000000000
40.3300000000000
-1935
43.0200000000000
73.2900000000000
58.0800000000000
43.5700000000000
58.0800000000000
82.3500000000000
43.5700000000000
43.5500000000000
50.7000000000000
43.5400000000000
43.5400000000000
43.5600000000000
59.0200000000000
60.9600000000000
37.7700000000000
-17680
43.5700000000000
13.5800000000000
43.5600000000000
62.7000000000000
-26390
43.5200000000000
43.5300000000000
43.5700000000000
43.5700000000000
43.5100000000000
43.5100000000000
43.5700000000000
43.5200000000000
43.5600000000000
51.6300000000000
61.6900000000000
-41.0700000000000
43.5100000000000
43.5100000000000
-1184
51.3000000000000
43.4900000000000
43.5600000000000
61.6000000000000
43.5400000000000
51.2500000000000
-63.9600000000000
43.5000000000000
68.5100000000000
43.5500000000000
89.4800000000000
67.2600000000000
61.0400000000000
-32.1300000000000
67.0400000000000
63.1400000000000
65.8400000000000
43.5400000000000
43.5100000000000
43.5200000000000
42.8100000000000
53.3900000000000
57.1500000000000
54.5500000000000
67.1800000000000
-649.100000000000
745.300000000000
43.4500000000000
-6377
64.7600000000000
40.1700000000000
45.4000000000000
43.5200000000000
43.5600000000000
43.5500000000000
43.5400000000000
68.0800000000000
48.8000000000000
72.2900000000000
43.5100000000000
43.5200000000000
57.7800000000000
-17500
66.0500000000000
74.0600000000000
43.5400000000000
64.9500000000000
71.5900000000000
63.8000000000000
55.9200000000000
37.8700000000000
54.5200000000000
43.5500000000000
40.0700000000000
43.5400000000000
48.6400000000000
43.5300000000000
57.1500000000000
62.4000000000000
43.5000000000000
-7747
43.5100000000000
-19000
-163900
-3.31100000000000
-5950
-90.3800000000000
43.1800000000000
53.1700000000000
-38720
32.1400000000000
-3367
47.6000000000000
-39550
37.0400000000000
36.9900000000000
-7985
36.7100000000000
60.6000000000000
40.4800000000000
-26240
-143300
140.800000000000
133200
-125200
65.3900000000000
57.5900000000000
10.2900000000000
-198.500000000000
62.6000000000000
-71780
81.8300000000000
71.3400000000000
107100
-40710
-7903
14.1500000000000
4546
25.8400000000000
118.100000000000
101400
-65650
-17180
37.4300000000000
63.6800000000000
11350
-82510
-4232
12.4800000000000
36.4200000000000
43.5300000000000
-198400
14.0900000000000
44.1100000000000
-81.4300000000000
-7992
72.2700000000000
-13750
-29050
-119100
59.9000000000000
40.4100000000000
24040
58.1300000000000
-4114
-45220
-6308
-121400
-100.900000000000
57.9600000000000
43.5200000000000
10.1500000000000
-53240
-132400
14.5000000000000
-105700
-1923
58.8800000000000
58.8600000000000
33.6200000000000
-55.4000000000000
66.6000000000000
43.5300000000000
58.8600000000000
21.5000000000000
47.5900000000000
26.2600000000000
58.8700000000000
-988
58.8600000000000
43.4600000000000
-2498
11.5900000000000
10.7400000000000
62.6900000000000
-106.900000000000
11.8800000000000
-19.1500000000000
30.3000000000000
57.4600000000000
56.6000000000000
38050
21670
52.5100000000000
54.7100000000000
45.3600000000000
43.5000000000000
43.5200000000000
63.6600000000000
58.8200000000000
48.8300000000000
62.5100000000000
43.5200000000000
43.5100000000000
43.4400000000000
43.5000000000000
43.5200000000000
43.4300000000000
43.5400000000000
34.1900000000000
-20020
43.4700000000000
43.4400000000000
26.5300000000000
43.4800000000000
13.0700000000000
66.7900000000000
11750
43.5000000000000
43.5100000000000
58.8700000000000
42.5800000000000
43.5100000000000
11.2900000000000
43.5200000000000
65.1400000000000
15.4300000000000
43.5100000000000
58.9300000000000
58.8700000000000
67.2700000000000
58.8300000000000
58.8300000000000
36.1500000000000
58.8100000000000
43.4500000000000
74.1500000000000
58.9400000000000
43.5100000000000
42.5800000000000
-8705
-17270
58.8500000000000
58.8000000000000
22.1900000000000
58.8800000000000
58.8100000000000
56.6000000000000
81.9000000000000
71.8200000000000
50.2600000000000
58.8700000000000
172700
43.5000000000000
8.53100000000000
43.5200000000000
-176.600000000000
43.5200000000000
43.5100000000000
17.6000000000000
43.5200000000000
9.75100000000000
58.8100000000000
0.666000000000000
-65900
-71730
58.7900000000000
66.4200000000000
62.0200000000000
-43.2600000000000
30.2200000000000
13.6400000000000
-923.300000000000
-31540
-794.800000000000
51.1900000000000
43.5000000000000
44.2300000000000
60.7700000000000
17.4100000000000
32.9200000000000
36.8400000000000
3571
43.5100000000000
-1045
35.2400000000000
65.2400000000000
67.0300000000000
34.5100000000000
3.71700000000000
-19000
-569.100000000000
43.5100000000000
49.0400000000000
-16700
19.9000000000000
43.5000000000000
-5879
41.6200000000000
-6042
43.5100000000000
51.7100000000000
58.7800000000000
43.5100000000000
42.3500000000000
-15430
-637800
58.7900000000000
62.2400000000000
-126
51.1200000000000
12.1700000000000
42.4300000000000
43.4900000000000
10.4700000000000
-35860
58.7900000000000
43.5100000000000
-41140
-20140
42.5900000000000
17.9500000000000
39.0200000000000
54.0700000000000
9.01200000000000
15.2600000000000
-57040
-162.500000000000
57.8700000000000
56.4200000000000
-11740
62.2000000000000
-468.100000000000
33.7500000000000
-630.400000000000
51.8500000000000
23.1700000000000
-270.500000000000
30.3600000000000
9.31700000000000
-71390
-584.400000000000
-19780
-426.200000000000
-18780
-53.2200000000000
4624
-83970
16.5300000000000
-449.100000000000
-43810
-4730
-56960
-161000
52.9000000000000
30.8400000000000
36.0900000000000
-7568
-31150
-14280
-42370
37.8100000000000
-3532
-28990
-42790
-16.6500000000000
-60.1200000000000
-51550
-8009
40.7200000000000
-140.700000000000
-468.600000000000
-11.1200000000000
-79.3300000000000
15.6100000000000
-41920
39.6800000000000
-37280
2.71000000000000
13.9200000000000
6.89500000000000
-58000
31.5600000000000
39.8100000000000
43.5000000000000
49.9800000000000
57.9700000000000
57.9600000000000
66.0700000000000
11.3100000000000
10.2200000000000
-635.700000000000
62.4900000000000
-69320
-36830
-88020
-49040
26.6600000000000
-23.3800000000000
40.9200000000000
-134.100000000000
-6107
-14700
35.8100000000000
25.5200000000000
23.5500000000000
29.2600000000000
-138200
12.2000000000000
-17040
48.1500000000000
61.7500000000000
3.63200000000000
-6232
25670
44.6200000000000
5113
89.7900000000000
74.7100000000000
117.600000000000
123.200000000000
72.5200000000000
-2883
55.6100000000000
70.7500000000000
-4.57800000000000
34.3900000000000
45.3300000000000
-21330
19.1700000000000
10.3900000000000
-1414
51.4900000000000
51.2500000000000
-64.9000000000000
45.8100000000000
-307.500000000000
-2722
-6243
32.2200000000000
11710
58.7700000000000
96.9500000000000
-2742
45.3400000000000
49.5800000000000
-184800
44.0100000000000
22.8700000000000
35.3300000000000
-407700
-254400
-29.9300000000000
43.1000000000000
-28770
-1063
-66260
-89510
8591
61.6700000000000
-31210
55.6800000000000
-419200
-17.2100000000000
16.1100000000000
-1001000
5.81100000000000
34.8900000000000
-2033
13.0100000000000
17.1000000000000
-368800
23.0400000000000
11.5500000000000
-130800
51.1000000000000
6.48600000000000
-5221
-4507
50.1800000000000
-11.9700000000000
-239300
7.22900000000000
49.7500000000000
43.3900000000000
37.5400000000000
28.6600000000000
-9766
-77970
15.7400000000000
-5002
40210
42.7200000000000
7231
62.4300000000000
49.7800000000000
106.700000000000
89.5500000000000
57.8500000000000
22.5900000000000
624.300000000000
-134.800000000000
21.9700000000000
43.2900000000000
45.3500000000000
-0.120400000000000
44.6700000000000
-34180
-1264
-1781
-32300
-26290
-99290
81.3600000000000
20.1600000000000
22
54.6700000000000
57.2700000000000
9556
-32.2300000000000
93.5200000000000
17.0400000000000
33.6800000000000
-41.8900000000000
27.1600000000000
44.8800000000000
4553
-169200
42.9800000000000
-22180
-3994
28500
52.8700000000000
36.0200000000000
25.3100000000000
22.9800000000000
36.4000000000000
76.2600000000000
134.400000000000
119.700000000000
87.1800000000000
70.7000000000000
43.9900000000000
-38.4300000000000
43.9100000000000
43.9700000000000
-30790
19.7400000000000
-123
44.5300000000000
14.1300000000000
26.1000000000000
53.4600000000000
35.5200000000000
15.1900000000000
11.8000000000000
44.3800000000000
43.5200000000000
71.3200000000000
10.1100000000000
27.0600000000000
53.0400000000000
184.300000000000
43.5100000000000
4282
13.6500000000000
43.5200000000000
43.5300000000000
43.5200000000000
43.5300000000000
5.06200000000000
2654
43.5200000000000
13.1000000000000
31.3400000000000
-2775
43.5100000000000
26780
57030
51020
-96670
43.5000000000000
53120
255.600000000000
126600
58610
31970
43.4800000000000
91.6400000000000
94.8100000000000
74.5100000000000
43.5100000000000
34920
43.5200000000000
-1323000
140.900000000000
-92.5100000000000
73.9400000000000
43.5200000000000
13040
46.6200000000000