26.2500000000000
26.2200000000000
8.95600000000000
10.4700000000000
-15540
302.900000000000
-157.900000000000
17.3700000000000
14.5700000000000
26.4100000000000
26.4300000000000
-159.100000000000
304
3.82400000000000
43.3300000000000
-79000
246
-1062
-173.600000000000
-5948
-81.7600000000000
26.4500000000000
26.3900000000000
300.200000000000
-28.6200000000000
97.8200000000000
-44.3100000000000
124.900000000000
-40.9000000000000
-88.7900000000000
-34640
-19.9100000000000
9.03900000000000
16.3300000000000
-16150
26.4800000000000
-25.1100000000000
-0.0372700000000000
-12310
39.2700000000000
137.900000000000
4.44800000000000
-635
-4613
-11.2000000000000
7.07400000000000
-27640
-16.8500000000000
23.1700000000000
-290.500000000000
1.12200000000000
-18.6800000000000
-28.0200000000000
-40350
-19030
-22940
-104.400000000000
-28650
317400
16.3200000000000
-276.700000000000
-417700
-11.8600000000000
-2457
-332.100000000000
26.2400000000000
9.93600000000000
-166.300000000000
-8.44900000000000
125.100000000000
-169.200000000000
-36.4300000000000
-13.7100000000000
2.16700000000000
0.519000000000000
-5
48370
53.0800000000000
-75.7700000000000
-216.300000000000
3105
5.99400000000000
-23390
-173.400000000000
-27.3300000000000
20.0900000000000
26.2200000000000
-236.300000000000
26.0800000000000
-27290
-38940
26.2400000000000
-63.6100000000000
-567.100000000000
-180.200000000000
3245
-23.0200000000000
26750
-95.5700000000000
13.8600000000000
-198.300000000000
26.4900000000000
-93.9600000000000
-14.4000000000000
26.5200000000000
26.3000000000000
26.3700000000000
25.9300000000000
25.9000000000000
-70.7600000000000
-85760
-15.7200000000000
-143.200000000000
9.95100000000000
396.400000000000
-11.5600000000000
-39.9600000000000
-128.900000000000
299.100000000000
-350.700000000000
1.68000000000000
-176.500000000000
-10720
23.1300000000000
-22.6800000000000
299.500000000000
26.5200000000000
299.500000000000
10.1300000000000
26.4400000000000
26.0900000000000
-104
26.2900000000000
26.2500000000000
26.4000000000000
-25.4300000000000
-76
-160.600000000000
-20600
26.3900000000000
-24.7100000000000
26.4000000000000
-29.8600000000000
-37770
26.0700000000000
26.3300000000000
26.4200000000000
26.4000000000000
26.1100000000000
25.9600000000000
26.5400000000000
26.1300000000000
26.4200000000000
-117.600000000000
-50.4000000000000
-471.700000000000
25.9500000000000
25.9000000000000
-6084
-104.600000000000
26.1900000000000
26.2100000000000
-69.4900000000000
26.1400000000000
-89.6500000000000
-591.500000000000
26.0200000000000
-43.0100000000000
26.4100000000000
64.6100000000000
7.15700000000000
-18.1400000000000
-408.500000000000
5.18200000000000
-10.2000000000000
9.55900000000000
26.1000000000000
25.7500000000000
26.0400000000000
21.5200000000000
-408.400000000000
-30.8900000000000
-106.100000000000
5.94500000000000
-3635
-3556
26.3400000000000
-28500
3.80800000000000
5.14000000000000
10.9300000000000
25.8300000000000
26.4100000000000
26.4400000000000
26.1300000000000
8.51200000000000
60.8000000000000
-33.3900000000000
25.8200000000000
26.0800000000000
300.400000000000
4215
171.300000000000
179.700000000000
26.4400000000000
-2.32100000000000
13.1900000000000
-5.76200000000000
-50.8400000000000
-10.6100000000000
-74.9900000000000
26.3300000000000
-51.5400000000000
26.1900000000000
-101.900000000000
26.0400000000000
306.100000000000
259.600000000000
26.0500000000000
-28730
25.8700000000000
-22650
-48480
-41.4800000000000
-12200
-295.400000000000
18.9800000000000
85.5800000000000
-59610
359.800000000000
-12680
3.59700000000000
-14130
-14.9500000000000
-15.9400000000000
44110
6.50300000000000
-1.79600000000000
6.41700000000000
31580
243500
83.4500000000000
-1687000
-166900
24.8100000000000
21.9000000000000
-5.94200000000000
240.100000000000
115
109900
-7.30200000000000
-10.7200000000000
455800
110500
-2507
19.5000000000000
16020
0.637700000000000
57.0700000000000
97990
57090
-27290
21.2700000000000
159.700000000000
135600
42490
-8587
-7.12700000000000
-8.91800000000000
26.2000000000000
-84080
-14.5100000000000
-10.3600000000000
558.300000000000
-7731
54.1000000000000
-2201
-40640
-23480
114.300000000000
-155.500000000000
-375000
297.800000000000
18570
-112400
31170
139800
103.800000000000
303
26.1200000000000
-96.3400000000000
-396800
166200
-75.5100000000000
177500
5715
124.100000000000
59.1300000000000
-172.600000000000
39.5200000000000
83.9800000000000
26.1200000000000
124.400000000000
-230.600000000000
22.1800000000000
-169.200000000000
124.300000000000
15610
124.500000000000
26.4000000000000
-1557
-86.9500000000000
-53.3000000000000
263.900000000000
815.100000000000
-13.9200000000000
-54.2700000000000
39.6500000000000
305.400000000000
-44.0700000000000
-559700
-316800
83.0500000000000
-77.3800000000000
-25.9700000000000
25.7900000000000
26.3400000000000
-5.92300000000000
125
-18.6800000000000
261.500000000000
26.0400000000000
26.2400000000000
26.3600000000000
26.1800000000000
26.4800000000000
26.2700000000000
26.4200000000000
35.1100000000000
-21990
26.4200000000000
26.3400000000000
43.2200000000000
26.2200000000000
-65.0600000000000
63.8700000000000
-655400
25.9200000000000
26.1800000000000
124.700000000000
20.6300000000000
26.2400000000000
-9.40200000000000
26.2200000000000
1.63300000000000
-78.9200000000000
25.9400000000000
124.900000000000
124
60.6000000000000
124.900000000000
124.900000000000
-15.0900000000000
26.2500000000000
26.2200000000000
8.95600000000000
10.4700000000000
-15540
302.900000000000
-157.900000000000
17.3700000000000
14.5700000000000
26.4100000000000
26.4300000000000
-159.100000000000
304
3.82400000000000
43.3300000000000
-79000
246
-1062
-173.600000000000
-5948
-81.7600000000000
26.4500000000000
26.3900000000000
300.200000000000
-28.6200000000000
97.8200000000000
-44.3100000000000
124.900000000000
-40.9000000000000
-88.7900000000000
-34640
-19.9100000000000
9.03900000000000
16.3300000000000
-16150
26.4800000000000
-25.1100000000000
-0.0372700000000000
-12310
39.2700000000000
137.900000000000
4.44800000000000
-635
-4613
-11.2000000000000
7.07400000000000
-27640
-16.8500000000000
23.1700000000000
-290.500000000000
1.12200000000000
-18.6800000000000
-28.0200000000000
-40350
-19030
-22940
-104.400000000000
-28650
317400
16.3200000000000
-276.700000000000
-417700
-11.8600000000000
-2457
-332.100000000000
26.2400000000000
9.93600000000000
-166.300000000000
-8.44900000000000
125.100000000000
-169.200000000000
-36.4300000000000
-13.7100000000000
2.16700000000000
0.519000000000000
-5
48370
53.0800000000000
-75.7700000000000
-216.300000000000
3105
5.99400000000000
-23390
-173.400000000000
-27.3300000000000
20.0900000000000
26.2200000000000
-236.300000000000
26.0800000000000
-27290
-38940
26.2400000000000
-63.6100000000000
-567.100000000000
-180.200000000000
3245
-23.0200000000000
26750
-95.5700000000000
13.8600000000000
-198.300000000000
26.4900000000000
-93.9600000000000
-14.4000000000000
26.5200000000000
26.3000000000000
26.3700000000000
25.9300000000000
25.9000000000000
-70.7600000000000
-85760
-15.7200000000000
-143.200000000000
9.95100000000000
396.400000000000
-11.5600000000000
-39.9600000000000
-128.900000000000
299.100000000000
-350.700000000000
1.68000000000000
-176.500000000000
-10720
23.1300000000000
-22.6800000000000
299.500000000000
26.5200000000000
299.500000000000
10.1300000000000
26.4400000000000
26.0900000000000
-104
26.2900000000000
26.2500000000000
26.4000000000000
-25.4300000000000
-76
-160.600000000000
-20600
26.3900000000000
-24.7100000000000
26.4000000000000
-29.8600000000000
-37770
26.0700000000000
26.3300000000000
26.4200000000000
26.4000000000000
26.1100000000000
25.9600000000000
26.5400000000000
26.1300000000000
26.4200000000000
-117.600000000000
-50.4000000000000
-471.700000000000
25.9500000000000
25.9000000000000
-6084
-104.600000000000
26.1900000000000
26.2100000000000
-69.4900000000000
26.1400000000000
-89.6500000000000
-591.500000000000
26.0200000000000
-43.0100000000000
26.4100000000000
64.6100000000000
7.15700000000000
-18.1400000000000
-408.500000000000
5.18200000000000
-10.2000000000000
9.55900000000000
26.1000000000000
25.7500000000000
26.0400000000000
21.5200000000000
-408.400000000000
-30.8900000000000
-106.100000000000
5.94500000000000
-3635
-3556
26.3400000000000
-28500
3.80800000000000
5.14000000000000
10.9300000000000
25.8300000000000
26.4100000000000
26.4400000000000
26.1300000000000
8.51200000000000
60.8000000000000
-33.3900000000000
25.8200000000000
26.0800000000000
300.400000000000
4215
171.300000000000
179.700000000000
26.4400000000000
-2.32100000000000
13.1900000000000
-5.76200000000000
-50.8400000000000
-10.6100000000000
-74.9900000000000
26.3300000000000
-51.5400000000000
26.1900000000000
-101.900000000000
26.0400000000000
306.100000000000
259.600000000000
26.0500000000000
-28730
25.8700000000000
-22650
-48480
-41.4800000000000
-12200
-295.400000000000
18.9800000000000
85.5800000000000
-59610
359.800000000000
-12680
3.59700000000000
-14130
-14.9500000000000
-15.9400000000000
44110
6.50300000000000
-1.79600000000000
6.41700000000000
31580
243500
83.4500000000000
-1687000
-166900
24.8100000000000
21.9000000000000
-5.94200000000000
240.100000000000
115
109900
-7.30200000000000
-10.7200000000000
455800
110500
-2507
19.5000000000000
16020
0.637700000000000
57.0700000000000
97990
57090
-27290
21.2700000000000
159.700000000000
135600
42490
-8587
-7.12700000000000
-8.91800000000000
26.2000000000000
-84080
-14.5100000000000
-10.3600000000000
558.300000000000
-7731
54.1000000000000
-2201
-40640
-23480
114.300000000000
-155.500000000000
-375000
297.800000000000
18570
-112400
31170
139800
103.800000000000
303
26.1200000000000
-96.3400000000000
-396800
166200
-75.5100000000000
177500
5715
124.100000000000
59.1300000000000
-172.600000000000
39.5200000000000
83.9800000000000
26.1200000000000
124.400000000000
-230.600000000000
22.1800000000000
-169.200000000000
124.300000000000
15610
124.500000000000
26.4000000000000
-1557
-86.9500000000000
-53.3000000000000
263.900000000000
815.100000000000
-13.9200000000000
-54.2700000000000
39.6500000000000
305.400000000000
-44.0700000000000
-559700
-316800
83.0500000000000
-77.3800000000000
-25.9700000000000
25.7900000000000
26.3400000000000
-5.92300000000000
125
-18.6800000000000
261.500000000000
26.0400000000000
26.2400000000000
26.3600000000000
26.1800000000000
26.4800000000000
26.2700000000000
26.4200000000000
35.1100000000000
-21990
26.4200000000000
26.3400000000000
43.2200000000000
26.2200000000000
-65.0600000000000
63.8700000000000
-655400
25.9200000000000
26.1800000000000
124.700000000000
20.6300000000000
26.2400000000000
-9.40200000000000
26.2200000000000
1.63300000000000
-78.9200000000000
25.9400000000000
124.900000000000
124
60.6000000000000
124.900000000000
124.900000000000
-15.0900000000000
125.100000000000
26.5300000000000
-55
123.900000000000
26.2600000000000
20.9100000000000
33050
133300
124.300000000000
125.200000000000
47.5400000000000
124.700000000000
49.0800000000000
-44.0700000000000
-76.8000000000000
-49.8500000000000
69.9600000000000
124.700000000000
121100
26.5000000000000
-51.3700000000000
26.2600000000000
-118
26.3300000000000
26.1500000000000
-11.6500000000000
25.8700000000000
-10.1700000000000
125.100000000000
-56.0100000000000
61900
120400
125.200000000000
4.03500000000000
261.400000000000
-481.900000000000
-14.2600000000000
-20.6100000000000
-289.400000000000
-3110000
-307.600000000000
44.6000000000000
70.0600000000000
94.6600000000000
241.500000000000
-25.0500000000000
-14.8800000000000
-15.3300000000000
34840
26.3400000000000
-7082
-15.1900000000000
165.200000000000
-44.8000000000000
-14.5400000000000
-30.4200000000000
-22650
-386500
26.2700000000000
61.4900000000000
-17710
-23.8300000000000
26.3900000000000
25120
13.8000000000000
-15950
26.3900000000000
78.8200000000000
124.700000000000
26.3600000000000
19.2000000000000
57590
521800
125.200000000000
264.200000000000
-905.700000000000
75.1500000000000
-53.0100000000000
18.9500000000000
26.0400000000000
-178.700000000000
-53730
124.900000000000
65.4800000000000
-65250
-14350
20.3800000000000
-117.500000000000
366.600000000000
87.4000000000000
-6.56900000000000
-59.8800000000000
-15080
-149.200000000000
301.500000000000
47
-25920
123.900000000000
2250
-15.2000000000000
-250.100000000000
80.4900000000000
-25.7000000000000
-132.200000000000
27.3000000000000
-2.92800000000000
176900
2434
47950
-195.700000000000
-28120
-480.300000000000
-767000
-118900
-12.0800000000000
-252.700000000000
-44220
-10800
-83080
218500
86.3600000000000
-41.3400000000000
111.100000000000
-20260
76410
-33580
-40080
65.1300000000000
10510
107700
-66040
-206.500000000000
-79.0900000000000
-139700
30750
7.98000000000000
-135.500000000000
-182.800000000000
-8.88600000000000
-84.3100000000000
-108.800000000000
-188100
-57.8400000000000
-60580
34.2600000000000
-32.1200000000000
-0.400800000000000
-62640
393.600000000000
1.99200000000000
26.2900000000000
67.7100000000000
302.100000000000
303
-11.0300000000000
17.6900000000000
-22.2300000000000
-204.300000000000
263.500000000000
30760
-48910
317400
-21160
31.7300000000000
-56.7300000000000
355.900000000000
938.700000000000
-3387
49700
-14.8800000000000
12.3700000000000
413.900000000000
-17.6800000000000
292400
-25.5200000000000
-30530
56.4300000000000
283.400000000000
511.600000000000
29870
33690
24.9100000000000
-13490
99.1300000000000
246.800000000000
3.86100000000000
-12790
-40.3600000000000
301700
104.600000000000
209.500000000000
-46.0500000000000
18.2100000000000
37.7400000000000
180500
-24.7800000000000
-32.1600000000000
-486.100000000000
86.4900000000000
76.1700000000000
1187
238.900000000000
-224.700000000000
-611200
25540
-16.6100000000000
136200
125
98.4100000000000
15730
17.2600000000000
161.700000000000
242700
29.5200000000000
409.500000000000
13.9600000000000
2124000
1908000
-61.8400000000000
17.7700000000000
-15390
7901
-308800
-215100
-39320
144.100000000000
24970
46.7200000000000
138500
14.3200000000000
-11.2000000000000
2258000
-13.8600000000000
-19.7500000000000
8439
-31.3600000000000
-50.0900000000000
982400
16.9100000000000
33.7500000000000
93880
75.1600000000000
-6.71500000000000
-2486
-1766
69.0800000000000
-26.3800000000000
372200
189.400000000000
-26.5100000000000
47.7200000000000
50.1700000000000
-14.9600000000000
3817
152300
31.5100000000000
22670
-544000
13.5700000000000
40230
263.100000000000
375.600000000000
161.500000000000
-32.7900000000000
119.100000000000
25.1200000000000
94300
935.600000000000
-20.0600000000000
24.1800000000000
187.600000000000
-29.4100000000000
33.7000000000000
-42670
-3685
-776.700000000000
86190
-33040
370400
217
430.400000000000
571.200000000000
104.900000000000
115
116300
616.400000000000
82.6600000000000
35.3300000000000
-15.6200000000000
295.200000000000
8.67500000000000
74.9900000000000
204100
672100
26.5100000000000
151000
11680
229100
86.5600000000000
144
346.200000000000
-13.8600000000000
274.300000000000
238.100000000000
388.800000000000
24.8600000000000
117.300000000000
115.300000000000
-11.1500000000000
801
-285.100000000000
20.6900000000000
-9048
-128.400000000000
-1164
17.2600000000000
-42.9400000000000
-173.600000000000
-77.2700000000000
-166.300000000000
-50.8000000000000
-18.5200000000000
18.5400000000000
26.1500000000000
-548.100000000000
-210.300000000000
42.9100000000000
-359.600000000000
-1193
26.0100000000000
-8201
-23.8300000000000
26.0900000000000
25.8900000000000
25.5700000000000
17.7000000000000
-114.400000000000
-8423
26.1700000000000
-95.9200000000000
37.1900000000000
19950
47.4300000000000
-395900
-197500
-657100
137900
25.8300000000000
98450
28.2500000000000
-1421000
-401400
159400
26.1300000000000
184.100000000000
-19.5100000000000
-164.200000000000
25.5900000000000
105000
25.3000000000000
3696000
-247.400000000000
27.3000000000000
14.6800000000000
25.5700000000000
74390
-301.300000000000