0.279
0.307
0.495
1.061
1.128
1.179
1.203
1.23
1.407
1.419
1.431
1.471
1.485
1.61
1.646
1.649
1.689
1.722
1.882
1.918
1.961
2.213
2.225
2.289
2.386
2.477
2.5
2.76
2.782
2.841
2.959
3.022
3.083
3.291
3.329
3.338
3.462
3.55
3.889
3.924
3.985
4.057
4.346
4.683
4.771
4.825
4.911
5.11
5.142
5.367
5.633
5.705
5.762
5.794
6.243
6.325
6.386
6.595
6.623
6.771
7.179
7.183
7.414
8.073
8.073
8.392
8.439
8.762
8.763
8.891
8.909
9.274
9.455
9.691
9.75
9.821
9.969
10.03
10.16
10.99
11.1
11.15
11.3
11.73
12.35
12.88
13.37
13.43
13.57
13.62
13.68
13.72
14.02
14.04
14.37
15.3
15.33
15.67
16
16.22
16.28
16.28
16.64
16.68
16.78
16.93
17.32
17.59
17.6
17.71
17.93
18.04
18.16
18.31
18.38
18.56
18.57
18.62
18.65
18.83
18.84
18.93
19.63
19.7
19.74
19.84
19.85
20.21
20.24
20.48
20.59
21.13
22.02
22.2
22.75
23.13
23.14
23.28
23.53
23.68
23.75
23.87
24.03
24.1
24.13
24.77
25.06
25.53
25.6
25.78
26.01
26.07
26.14
26.17
26.47
26.59
26.81
26.89
26.93
27.76
28.15
28.22
28.55
28.61
28.76
28.83
28.93
29.12
29.12
29.27
30.01
30.21
30.69
30.95
31.29
31.63
31.74
31.93
32
32.16
32.26
32.6
33.08
33.37
33.44
33.86
33.98
34.04
34.11
34.76
34.93
35.12
35.34
35.36
35.54
35.55
35.65
35.67
35.68
35.93
36.25
36.49
36.59
36.69
36.75
36.8
36.98
37.03
37.11
37.7
37.81
37.85
38.01
38.23
38.25
38.39
38.46
38.85
39.18
39.18
39.31
39.33
39.73
39.75
40.08
40.15
40.17
40.17
40.27
40.34
40.7
41.06
41.16
41.26
41.47
41.88
41.91
42.17
42.64
43.46
43.74
43.74
45.05
45.7
46.94
47.19
47.64
47.71
49.23
49.71
51.78
52.14
52.22
53.08
53.47
53.76
54.72
55.07
55.39
55.72
55.87
56.13
56.43
56.71
56.97
57.6
57.62
57.86
58.22
58.27
58.32
58.49
59.2