72.61
79.83
77.93
73.57
1.542
109.5
8.541
70.75
75.39
1.875
5.57
86.48
83.68
4.809
87.74
10.54
74.77
2.072
87.47
101.4
99.34
143
87.5
3.928
11.01
101.2
62.5
12.12
4.943
4.26
102.7
4.669
33.08
75.11
6.123
4.55
141.2
137.6
85.87
85.91
58.51
109.5
106.5
92.76
79.8
139.5
142.9
81.96
7.281
74.3
111.2
81.25
72.02
101.8
143
90.6
82.99
67.42
98.29
85.97
4.323
74.55
100.7
83.81
83.81
18.09
142.9
133.7
104.5
90.89
71.04
135
141.6
87.24
11.9
25.24
103.5
21.52
1.172
92.19
40.28
144.5
14.06
75.33
98.4
107.6
106.4
10.74
143.1
95.97
69.75
82.02
12.48
72.86
139.1
148.2
132.1
95.71
136.7
126.5
52.97
138.5
129.4
138.7
141.6
60.55
100.6
27.29
133.4
143.3
30.29
143.3
30.85
48.13
143.3
138.4
143.2
135.8
143.3
6.595
8.541
143
146.4
138.8
11.17
143.3
142.4
23.45
11.09
138.1
143.7
143.2
112.7
133.3
149.1
16.88
128
19.34
145.9
134.2
12.92
148.6
21.14
145.9
7.39
148
32.04
131
146
25.7
21.73
143.9
119
27.69
0.883
13.53
141.1
3.826
132.3
24.01
143.1
62.79
101.7
140.2
147.8
5.695
150
139.8
148.3
0.296
150
145.8
16.23
117.8
147.3
133.5
143.9
141.6
126.4
143.8
146.1
112.8
19.32
23.97
1.886
140.5
138.7
33.48
149
144.4
146.7
25.68
145.9
3.06
127.7
145.9
22.4
146.4
145.5
144.4
4.792
147.7
145.7
135.6
63.22
128.8
14.44
146.1
147
146.8
122.6
140
28.35
100.1
128.9
147.2
131.1
139.2
42.59
142.4
149.3
83.73
22.36
147.5
148.6
148
8.631
20.83
147.5
132.8
146.2
54.94
147
148.4
39.64
32.39
131.8
147.2
81.85
20.41
8.836
87.81
88.55
17.77
146.1
38.18
147.5
76.73
95.65
77.42
17.73
63.33
9.071
137.8
1.681
60.03
15.65
7.303
80.94
144.3
52.92
1.228
111.3
81.43
144.9
136.2
6
142.2
18
140.7
13.77
19.85
4.271