14.1
15.73
16.48
25.8
1.14
8.617
1.703
20.04
18.48
2.943
2.666
16.63
18.58
1.481
17.54
3.503
14.22
1.279
25.77
2.615
21.13
22.08
23.28
2.929
9.59
4.467
22.5
3.654
7.702
5.152
15.48
4.208
7.737
1.215
5.463
10.34
20.1
21.97
12.46
23.26
27.33
6.191
18.02
26.13
12.99
1.843
21.25
11.01
6.914
25.03
11.63
9.527
17.85
7.243
0.857
15.01
14.56
18.53
20.51
11.79
22.92
15.09
20.77
16.77
16.77
5.211
20.86
6.766
18.64
25.86
19.33
18.4
25.89
2.298
7.633
4.561
22.47
27.34
1.033
24.39
27.56
24.66
17.07
22.65
10.25
23.84
2.986
4.866
20.97
21.99
4.772
2.695
10.17
9.454
9.852
20.89
14.76
8.326
9.824
25.52
11.64
20.62
28.47
27.53
17.91
20.1
1.624
27.31
3.682
21.83
23.86
21.71
9.982
28.53
21.86
29.24
21.82
23.65
22.27
0.384
8.052
29.25
8.018
22.41
12.45
21.77
18.41
28.23
12.62
28.05
14.24
28.36
29.76
17.93
12.81
4.506
7.83
3.615
25.33
16.57
14.58
18.83
6.938
25.47
27.75
9.058
28.69
24.4
10.86
24.21
7.524
29.92
25.05
29.79
0.763
9.438
26.76
13.54
14.35
15.18
23.51
27.02
23.44
21.95
15.3
13.17
22.62
13.9
25.28
15.22
14.94
26.46
13.57
18.5
18.87
19.55
16.04
21.95
19.3
17.12
19.62
20.36
27.44
16.53
1.698
16.3
28.65
0.329
9.568
25.29
16.09
23.3
27.1
17.19
12.05
18.32
15.97
8.34
22.29
24.68
16.67
16.27
27.82
20.47
11.29
16.34
29.24
23.07
15.5
23.8
12.25
27.19
16.53
20.48
28.66
12.6
22.16
26.12
18.52
14.13
5.372
14.64
6.431
17.72
11.93
2.665
4.718
26.25
6.681
10.77
13.03
19.26
15.89
25.1
21.62
25.26
4.741
15.14
18.74
3.082
29.48
25.48
24.89
19.15
4.911
25.75
9.249
15.51
24.42
1.296
3.711
10.34
19.46
3.76
2.104
9.933
17.53
5.079
14.06
2.082
8.025
1.22
24.99
11.57
3.084
3.197
26.57
9.393
22.91
20.96
25.26
24.51
17.8