-16.2100000000000
174700
342.300000000000
72.8300000000000
121600
20.2800000000000
53.1200000000000
58.3200000000000
282700
11.7600000000000
80.1100000000000
56.1000000000000
2089
143900
180300
59.7800000000000
33.8900000000000
39.1600000000000
55.9400000000000
50320
53.6900000000000
76
72.7600000000000
52.5000000000000
67.4000000000000
46.0900000000000
125.100000000000
44.3200000000000
12.3400000000000
32.2000000000000
41390
23.7600000000000
73.1900000000000
43.6400000000000
171500
241.700000000000
32.9400000000000
725300
61.3000000000000
38850
43.1800000000000
300.100000000000
71.5000000000000
73.9600000000000
157.600000000000
16.9200000000000
-487.100000000000
-14040
16400
58.2800000000000
50.7900000000000
57.2600000000000
44.5800000000000
-28.3700000000000
39.4200000000000
46460
94.9000000000000
65.9600000000000
213100
21.1100000000000
43.5600000000000
30.9600000000000
172500
61.7200000000000
14.1300000000000
2.29500000000000
22.9500000000000
250900
-14090
93.4600000000000
56.5800000000000
9646
0.544200000000000
9.80300000000000
67.9000000000000
5.89600000000000
-14.9700000000000
12.2400000000000
-7930
177.300000000000
66.7600000000000
46.9200000000000
30.8300000000000
-258.300000000000
59.3300000000000
-10.7100000000000
48.6000000000000
41.9600000000000
76.9800000000000
74.8700000000000
68500
38.1000000000000
154.700000000000
26850
33.9100000000000
43.2000000000000
45.1300000000000
58.1400000000000
62.3400000000000
142.300000000000
76.4500000000000
39.9900000000000
121900
363
18790
64.0600000000000
80.4700000000000
89.1300000000000
46.1100000000000
18.0700000000000
60.9300000000000
60.7200000000000
3.80000000000000
28.6600000000000
162500
4.78900000000000
55.7200000000000
38.0600000000000
60.1000000000000
-337.300000000000
1.62400000000000
76.6900000000000
28.9800000000000
54020
91.2000000000000
91.2800000000000
4.74200000000000
80.3000000000000
828.300000000000
43.2300000000000
143.300000000000
63190
6.35800000000000
92.9000000000000
4644
62.0700000000000
28.6900000000000
-0.198700000000000
169.900000000000
28.7900000000000
43.6100000000000
56.5700000000000
29280
6631
4096
35890
-10.9300000000000
3.35700000000000
19570
7.24300000000000
15.4200000000000
6.74400000000000
236.300000000000
119600
111300
157
104
318900
45.3700000000000
174.100000000000
122600
78.3600000000000
107700
38.3700000000000
55.2300000000000
85.2800000000000
28.9700000000000
97.1300000000000
99.3800000000000
81670
39.3600000000000
31910
7.98900000000000
56.0600000000000
37.9700000000000
6595000
139.600000000000
65.8500000000000
51.3000000000000
47.6100000000000
108300
20420
60.0300000000000
887.700000000000
14.5400000000000
67.1500000000000
3.79400000000000
132.600000000000
50.8900000000000
80260
47610
-16.2500000000000
18770
31890
-92.1700000000000
43.9200000000000
65.2300000000000
154.200000000000
116000
9.12000000000000
54.0500000000000
69.8100000000000
-32.7300000000000
84.7300000000000
68.6100000000000
47010
94420
36830
76.3700000000000
107600
23.2300000000000
45480
88.1600000000000
13.6300000000000
64.1300000000000
59.7300000000000
86
68.8000000000000
1728000
5.43600000000000
47.9100000000000
177.900000000000
-3.19700000000000
32.6200000000000
-9.97900000000000
55.9200000000000
30
15.7900000000000
54.9400000000000
41.7600000000000
10.9500000000000
179900
58.4400000000000
221.700000000000
-0.794300000000000
0.0689800000000000
95
-4.78700000000000
56820
63.6300000000000
186200
71.2000000000000
27.5400000000000
-45.8700000000000
47.7200000000000
45.4800000000000
52.0500000000000
79.6100000000000
34.9700000000000
-17.0200000000000
4578
3.03200000000000
30560
-8.83800000000000
6.94100000000000
67.4600000000000
-12.3200000000000
85.6600000000000
12.6800000000000
8.08200000000000
82600
120300
-4.29600000000000
104.700000000000
-5.90100000000000
60.1500000000000
76.2800000000000
13.6300000000000
-2278
57.1900000000000
-5.32400000000000
12.6800000000000
96410
7.89700000000000
4.47000000000000
40.2500000000000
3.58900000000000
57.7500000000000
162.900000000000
31.2000000000000
90.8700000000000
9.66000000000000
-44.6500000000000
-260
-36.3800000000000
30.3400000000000
105.200000000000
1.83100000000000
6.98600000000000
12.2100000000000
-26960
-36.3800000000000
88.7100000000000
103.500000000000
61.1600000000000
120.700000000000
-19610
30.2300000000000
510.600000000000
4.92400000000000
66.5800000000000
-44.5900000000000
70.3200000000000
161.300000000000
48.5600000000000
76.4200000000000
93.4100000000000
150.500000000000
3.74100000000000
65.9700000000000
61.9800000000000
10.9600000000000
58860
62.0200000000000
-8238
2.38400000000000
-11.2000000000000
-3.00300000000000
-4.68900000000000
67.5200000000000
60.0900000000000
104900
50.0200000000000
37.0900000000000
235800
60.5700000000000
360.500000000000
7.85800000000000
14.4400000000000
175.100000000000
152.800000000000
92.3600000000000
11.3600000000000
74.1900000000000
71190
-7317
84.2300000000000
132.100000000000
60.0800000000000
-249.800000000000
178.800000000000
29.0800000000000
93.5300000000000
296.300000000000
53.1400000000000
16630
65.5600000000000
313200
72.2500000000000
72.8700000000000
172600
135100
70110
6.32600000000000
68.2000000000000
27.7600000000000
6.38400000000000
48.9500000000000
114.500000000000
32.4800000000000
59710
84.5600000000000
60830
38.8600000000000
7.54100000000000
73.4000000000000
86.9100000000000
-18150
34.6400000000000
39.3700000000000
60.6200000000000
81.4800000000000
37190
434.100000000000
20.4100000000000
63.4100000000000
34.5400000000000
59.1200000000000
70.3400000000000
-2.84200000000000
5.17600000000000
72.0300000000000
27.9200000000000
-18.6300000000000
21.6700000000000
0.553000000000000
25.2600000000000
46.5100000000000
59.9400000000000
3.05600000000000
34.8100000000000
-9.91200000000000
97.2600000000000
120.400000000000
61.3100000000000
147400
57.5100000000000
-776.500000000000
60.0300000000000
81.0500000000000
70.6100000000000
-12230
18.6200000000000
44.1100000000000
50.5900000000000
87020
76.4800000000000
60.0100000000000
78.9200000000000
59.9100000000000
1.43700000000000
-5.33000000000000
35950
42.3000000000000
1.64400000000000
57.9500000000000
993.600000000000
89720
-25.6600000000000
116000
60.0100000000000
212400
63.1300000000000
97.4500000000000
13.1900000000000
11.9800000000000
41.8800000000000
68.6300000000000
59.7100000000000
60.1000000000000
158300
80.5100000000000
12.6400000000000
-12.2200000000000
250.600000000000
64.5800000000000
55.7100000000000
11.1100000000000
83.0300000000000
69.6300000000000
81.0600000000000
18120
12.2600000000000
39.4200000000000
5.24100000000000
19.3900000000000
14.3100000000000
32.2100000000000
39.3800000000000
92780
66.5300000000000
27.9800000000000
198.200000000000
85.7800000000000
-0.105300000000000
569
-51.6400000000000
60.2300000000000
-6989
90.6000000000000
33230
35.2500000000000
40.4200000000000
68.1500000000000
54.9900000000000
86.0100000000000
71.1900000000000
65.8600000000000
76.4500000000000
-135600
899.400000000000
82.4000000000000
43.7600000000000
108000
30.1100000000000
38.6000000000000
-1663
76.0700000000000
53.1600000000000
73.8200000000000
83.6800000000000
38.6600000000000
-5643
197500
60
-9146
85.5400000000000
-24.2000000000000
-18.5800000000000
32.1800000000000
67.3500000000000
58.9200000000000
24.3900000000000
170800
103900
-110.600000000000
22.3500000000000
-23.8000000000000
125
59.3400000000000
-23.7400000000000
-10710
12.0200000000000
60.0200000000000
418.700000000000
-11.3400000000000
-3.19700000000000
67.7400000000000
55.8600000000000
75.0900000000000
11.7500000000000
60.0500000000000
113.600000000000
61.3600000000000
63.1500000000000
60.7000000000000
329.600000000000
1331
111
66.7100000000000
38.2200000000000
215700
-24.8700000000000
65520
57.9200000000000
52.2100000000000
54.5500000000000
164.400000000000
83.5900000000000
36.7000000000000
28.5800000000000
42.9000000000000
28.2500000000000
-17.0100000000000
42.5600000000000
134900
2.03400000000000
262.600000000000
81.2100000000000
49.1300000000000
55020
51.1900000000000
9818
-10.8200000000000
73.8300000000000
68.9400000000000
69.6600000000000
67.7700000000000
-19.0700000000000
6679
10.3300000000000
76.1100000000000
42.9000000000000
89.3200000000000
60.0600000000000
5.61400000000000
171900
59.0100000000000
69.7800000000000
4.90400000000000
141.200000000000
390.700000000000
4.59000000000000
87.6800000000000
17.5800000000000
58.5100000000000
3.58500000000000
62.9300000000000
7081
-8667
31.8500000000000
55.5000000000000
131
-0.0710900000000000
44.4700000000000
66.5800000000000
66.0700000000000
81.6500000000000
2696
11.2500000000000
10.7100000000000
103.500000000000
2.32900000000000
36190
-12330
48.3400000000000
84160
173.900000000000
745.300000000000
32.9700000000000
60.0200000000000
427
75.4100000000000
67.2200000000000
63.4100000000000
46.3400000000000
108.300000000000
19470
-8837
63.5300000000000
32.5000000000000
34630
-14.1300000000000
124400
-43.2100000000000
28.7800000000000
10.1900000000000
72.4300000000000
154400
-33290
74.5700000000000
-0.0637000000000000
29.8800000000000
46.5300000000000
147.600000000000
3.92800000000000
44.1400000000000
60.3300000000000
-0.0375700000000000
54.8300000000000
5.19600000000000
57.6800000000000
24.8800000000000
59.4200000000000
65.2300000000000
18.6300000000000
71.4600000000000
58.7400000000000
61.3700000000000
35140
37.7500000000000
32.6200000000000
68.3400000000000
24.7000000000000
47990
2.50900000000000
21.8400000000000
40.5800000000000
15040
-5.62800000000000
4.44100000000000
13.6100000000000
-358
7.41000000000000
65.9700000000000
44.9600000000000
123800
38.5900000000000
362
57.4100000000000
-1.55800000000000
-16910
238.300000000000
51.9000000000000
154.200000000000
1035
8.98400000000000
37.3000000000000
-18350
37.4400000000000
264.700000000000
60.1300000000000
32.3100000000000
26.1400000000000
71.1800000000000
74.9500000000000
49.2000000000000
64.5500000000000
49150
97.1100000000000
20.5500000000000
155
99.2400000000000
-23.9500000000000
-42580
65.3200000000000
32.9300000000000
0.946000000000000
54.1000000000000
1.64500000000000
266700
47110
24.8500000000000
-185800
121.200000000000
35.6500000000000
55.1600000000000
82.7600000000000
60.2100000000000
175
47.8000000000000
64.4400000000000
59.1000000000000
32.2300000000000
1.45500000000000
19.8800000000000
83.4200000000000
98.5600000000000
-5.44200000000000
-9187
17.3100000000000
74.9300000000000
95480
31.3800000000000
54.7900000000000
10.9300000000000
134.700000000000
65.7300000000000
-12.0800000000000
37.8100000000000
12210
2.25600000000000
47.8300000000000
12840
100.800000000000
75.1700000000000
58.8100000000000
35.2800000000000
159600
81.0700000000000
41.9000000000000
71.9900000000000
82.1600000000000
65.2400000000000
77.1500000000000
280.500000000000
201800
60.4800000000000
50.7000000000000
-446.400000000000
-0.0427700000000000
58.4500000000000
30.0400000000000
176.800000000000
47.3700000000000
73.9600000000000
-36.5500000000000
19.2000000000000
94020
13.2200000000000
-10190
36.1800000000000
54.9500000000000
11000
54.5600000000000
38.5500000000000
101
4807
98600
165000
77.4300000000000
22.1200000000000
44080
24.2000000000000
83880
824.700000000000
15270
-8.50200000000000
2979
75.5300000000000
60.3600000000000
62.9900000000000
57.0600000000000
21840
73.1800000000000
-2.63300000000000
4255
14190
-940.200000000000
46.5800000000000
20.6700000000000
60.4200000000000
7950
43.2500000000000
59.2700000000000
-1676
89.9200000000000
24.5700000000000
13.6500000000000
11.1100000000000
67.9300000000000
98.9000000000000
73.7000000000000
55.7400000000000
130.300000000000
60.0600000000000
7.22300000000000
62.7900000000000
5708
38.8400000000000
-11.6500000000000
62.1900000000000
64.3400000000000
29160
93.0700000000000
-1.01300000000000
73.9800000000000
57.0700000000000
63.3000000000000
32.5900000000000
34.4100000000000
44.6300000000000
8.32200000000000
-30.2700000000000
-0.697600000000000
-27.6500000000000
16.4000000000000
77590
56.0700000000000
-21.5500000000000
8.82300000000000
43.3100000000000
27.0600000000000
52.9100000000000
293500
94.3300000000000
54.6400000000000
76.7200000000000
7.97400000000000
199.200000000000
-6.29900000000000
55.2200000000000
-139
57.5200000000000
66.9500000000000
32.3400000000000
60.0600000000000
112.100000000000
2.23900000000000
59.7600000000000
-25.8100000000000
52.3000000000000
-9073
1.34500000000000
-9.35700000000000
68.8300000000000
7401
71.3000000000000
-10400
3.01500000000000
-101
58.9300000000000
16.1300000000000
66.2000000000000
186.700000000000
-0.0373100000000000
141.500000000000
148100
98600
57.6200000000000
60.5600000000000
159.700000000000
197.500000000000
457.400000000000
46.2600000000000
18.0400000000000
131.400000000000
172.400000000000
100.600000000000
108100
60.1700000000000
78.4900000000000
70.7300000000000
76.0700000000000
0.544400000000000
146000
135400
-12.8100000000000
71.2700000000000
-27.5300000000000
103600
4.97900000000000
-25.1800000000000
14400
298100
10.8600000000000
34.0500000000000
38.0300000000000
62.6500000000000
13.1800000000000
214.500000000000
156700
22690
73.5300000000000
-103600
83.2600000000000
5946
95510
-0.268300000000000
357.100000000000
101.900000000000
90090
48.0100000000000
387.800000000000
8351
90.8800000000000
73.6000000000000
52.2400000000000
208.800000000000
-3.37600000000000
85.6500000000000
78.4600000000000
57.7600000000000
25.1100000000000
714
-9049
57.8500000000000
151100
100.100000000000
80.3400000000000
23.5900000000000
44.3100000000000
11260
-167.200000000000
1951
60.9500000000000
45.7400000000000
31.0400000000000
59.6400000000000
71.6600000000000
9.25800000000000
63.0200000000000
64.0900000000000
64.2200000000000
1132
298.700000000000
16.0300000000000
7.93200000000000
23.7500000000000
7.52400000000000
-20670
16860
37.8600000000000
7369
20.3200000000000
310
7.37200000000000
14.7000000000000
51.4300000000000
104.100000000000
47.8300000000000
283800
30.7800000000000
54.9000000000000
38330
3.95000000000000
21.3700000000000
5.05700000000000
312600
61.5400000000000
79.6600000000000
-4.13300000000000
50870
22.9500000000000
3.43800000000000
80800
18.8300000000000
1.69400000000000
60.3500000000000
57.4800000000000
71.6700000000000
63.2900000000000
16.1600000000000
11.0900000000000
36.2000000000000
28.6300000000000
82.9600000000000
-15.2600000000000
-0.0300600000000000
17.7900000000000
7.26100000000000
6.73800000000000
42.4400000000000
47.9800000000000
40.9800000000000
79.8900000000000
91360
9.72300000000000
151.600000000000
-9441
4.53300000000000
31.0400000000000
1.31100000000000
59.0900000000000
37.3900000000000
95.2600000000000
24
44.7300000000000
60.0900000000000
-13.4800000000000
45.5000000000000
-20870
5.83400000000000
51.5300000000000
68.6100000000000
-41.9100000000000
7.16000000000000
16.1700000000000
50.3900000000000
23.7500000000000
-235300
-33150
24.6800000000000
68.0300000000000
59.6700000000000
2400
32120
95.6000000000000
15.7600000000000
138400
64.2900000000000
10.4600000000000
55.4800000000000
30.0700000000000
2785
-120.400000000000
8.64400000000000
-26.4600000000000
27.8000000000000
-0.323800000000000
55.1100000000000
73.3900000000000
-62.1100000000000
-125.700000000000
-29.1800000000000
73.4000000000000
0.834100000000000
151100
11.4500000000000
11.7900000000000
106.700000000000
-7.51700000000000
-4.26600000000000
-5.07100000000000
240.200000000000
-2555
0.410400000000000
11.6800000000000
52.9100000000000
42.0600000000000
71.0200000000000
27.2700000000000
15320
201.900000000000
103.600000000000
65.0700000000000
60.8000000000000
-0.0133100000000000
70.7100000000000
56.8600000000000
10.3900000000000
-26.0200000000000
80.0800000000000
4374
10.9600000000000
-0.0297400000000000
900.300000000000
21.4200000000000
53.6300000000000
106.900000000000
59.7600000000000
34.9000000000000
137.700000000000
4.81200000000000
53.4000000000000
-58200
-13860
55.0200000000000
210.200000000000
73200
274.200000000000
72.4600000000000
-6.98300000000000
86.0500000000000
6.22000000000000
73.3100000000000
52.0100000000000
120.100000000000
-13.2700000000000
23.0900000000000
24.1400000000000
57.4600000000000
59.5200000000000
52.9400000000000
53.2200000000000
3.44100000000000
42.2000000000000
73.3600000000000
263600
40680
79.8400000000000
41.2500000000000
200
80.3300000000000
4.25800000000000
-4.01800000000000
45.1800000000000
85.0400000000000
7332
-4.51400000000000
6.23600000000000
7.36400000000000
30560
7.80000000000000
87.4600000000000
64.9100000000000
18020
51.3500000000000
7.05100000000000
152.300000000000
1551
11.3400000000000
171.900000000000
9.17900000000000
60.0500000000000
4844
26.3300000000000
51310
66390
12.5800000000000
7.80000000000000
7.14700000000000
-15220
6.75200000000000
65.3700000000000
-1.73800000000000
-6.30600000000000
44.8700000000000
4.06900000000000
8.69700000000000
2.72700000000000
4.06900000000000
-307100
9.74400000000000
44.6900000000000
3.98600000000000
13120
-11.6400000000000
54.7900000000000
142.200000000000
140.500000000000
138.800000000000
53.7200000000000
0.308900000000000
61.4400000000000
60.6900000000000
-44.0600000000000
0.348900000000000
59.8700000000000
22.0400000000000
-38
20.5300000000000
-17.3500000000000
8.05400000000000
38.0700000000000
35.5400000000000
12.1900000000000
17.7700000000000
-73.7400000000000
63110
20.2600000000000
39.0800000000000
12.9900000000000
11.8100000000000
28.0200000000000
-46.8700000000000
33200
28.6100000000000
-8701
334100
9.13900000000000
62.0100000000000
31.7700000000000
38.6800000000000
26.4500000000000
12.8300000000000
25090
0.584100000000000
-0.140600000000000
-0.814300000000000
71.1500000000000
-0.0745500000000000
43.9000000000000
4.57200000000000
74.8500000000000
109.800000000000
11.2200000000000
64.7400000000000
8.04900000000000
-7236
23.6900000000000
-21.8200000000000
23.9500000000000
-10430
68.3100000000000
-0.520800000000000
84.0400000000000
14.0500000000000
23.6700000000000
73.1400000000000
1487
15.9800000000000
127.200000000000
-21.2900000000000
-59100
39.0800000000000
19.3400000000000
103.400000000000
1.39900000000000
79.2000000000000
27.4500000000000
-2.77300000000000
-384.100000000000
8.15600000000000
8.50700000000000
-24.9600000000000
75620
76.2100000000000
77.4700000000000
34.3600000000000
375300
12.6000000000000
7.76400000000000
5.98500000000000
22.4300000000000
-9.44700000000000
-5.80200000000000
13.9100000000000
859.500000000000
-0.825000000000000
43.0800000000000
41.4100000000000
87.1200000000000
38.6800000000000
-4.50000000000000
-12.8600000000000
37.4500000000000
67.5700000000000
103.900000000000
15150
-5.98900000000000
15.7600000000000
4.47800000000000
53.8500000000000
-10.4200000000000
13.9000000000000
2.10700000000000
28.5100000000000
86.6500000000000
57.7200000000000
45.6800000000000
40.3200000000000
11.4800000000000
-0.0406900000000000
40.1500000000000
85.1600000000000
163500
46.7800000000000
62.6700000000000
-4.00800000000000
19.8600000000000
-295.100000000000
-91.4600000000000
-7.65300000000000
10.1900000000000
108.900000000000
61.6500000000000
95440
-20.6500000000000
126500
-393.400000000000
36.3900000000000
-4.22600000000000
26.5500000000000
7.09900000000000
17.6300000000000
-56060
-1.90700000000000
27890
55.0900000000000
37.8100000000000
36.0700000000000
898.100000000000
-3.16100000000000
50.4000000000000
53.7900000000000
10.5700000000000
-0.505500000000000
18.1900000000000
-4062
44.7700000000000
116.400000000000
29.6000000000000
-2.47400000000000
-637.700000000000
1.37400000000000
18.1700000000000
-79.3700000000000
19.4400000000000
88.2000000000000
-10650
25380
6.17400000000000
7.91800000000000
122.800000000000
-11.9000000000000
63.9800000000000
45.0300000000000
44800
87.4800000000000
110.700000000000
1.90700000000000
26.1800000000000
85.2300000000000
63.9800000000000
-59.0800000000000
15.9800000000000
39.1100000000000
76.0100000000000
-85.0600000000000
72.6600000000000
56.6500000000000
67.9400000000000
23.8100000000000
78.9700000000000
46.9000000000000
31.9100000000000
2.74700000000000
18.3400000000000
784.400000000000
17.3900000000000
1.74400000000000
60.5700000000000
-283.400000000000
70.7900000000000
81.4700000000000
8.13100000000000
88040
8.97900000000000
79.3500000000000
26020
73.1400000000000
12.6700000000000
124800
79.7100000000000
-60630
-3.58500000000000
-12620
182.100000000000
39.2200000000000
33.1000000000000
19.1900000000000
56.1600000000000
26150
-7509
16.0200000000000
6.88200000000000
-58050
68.8000000000000
16450
49.8100000000000
243
119600
19.0700000000000
21.1600000000000
8.77400000000000
24950
124600
-2.42100000000000
48.7600000000000
-28.0600000000000
62.3000000000000
42.6200000000000
8.38600000000000
38.3300000000000
81.6900000000000
8.55300000000000
61.2100000000000
144.300000000000
-27280
0.00587900000000000
60.5700000000000
116.200000000000
53.8500000000000
104.900000000000
2.81700000000000
-580.500000000000
61.1700000000000
163600
59.1900000000000
62.2500000000000
74.5800000000000
39.2300000000000
-43380
5373
10.4600000000000
78.4400000000000
75.8200000000000
-12.5800000000000
-9664
89.0300000000000
55.9500000000000
-0.373700000000000
58.8100000000000
9.35800000000000
269.800000000000
56.9600000000000
2817
159
34.1600000000000
8.06700000000000
80.8900000000000
6.89200000000000
-0.300800000000000
9.35900000000000
81.2900000000000
113.400000000000
3.03700000000000
-227.300000000000
70
3.35500000000000
39.0400000000000
-3.08500000000000
33.9800000000000
31.8800000000000
1677
10.1200000000000
17.9100000000000
71.7200000000000
57.1200000000000
122700
54.7300000000000
-0.0627900000000000
8.49900000000000
64.5800000000000
58.0600000000000
9.91300000000000
101.200000000000
42.5500000000000
46.8100000000000
11.6300000000000
85.8900000000000
2052
3740
-6.31000000000000
27.2900000000000
-63.4500000000000
24.9500000000000
42660
11.5300000000000
55.0200000000000
92.1400000000000
133.900000000000
75.1900000000000
25.8100000000000
66.5500000000000
29.3300000000000
86.8300000000000
-0.0182000000000000
18.7200000000000
8.96000000000000
141.900000000000
49.1800000000000
60.1200000000000
97.3700000000000
59.3700000000000
-3335
0.780800000000000
50500
59.2900000000000
72.5600000000000
-33.3900000000000
14890
31.3800000000000
1381
-31.2700000000000
9.13300000000000
76.9000000000000
48.0100000000000
8.16100000000000
17.9500000000000
22.1400000000000
59.5400000000000
70.6900000000000
-548.800000000000
81.5200000000000
41.3800000000000
35.9300000000000
16.5000000000000
7017
-7.07800000000000
126900
-30.7200000000000
-24620
59.7200000000000
77.1400000000000
20.7100000000000
32.1000000000000
4.78100000000000
4.89300000000000
69.0500000000000
26.0100000000000
62230
-6774
70.8800000000000
554.600000000000
-13470
2824
25.1900000000000
50.4000000000000
-2765
108200
60.2800000000000
57.2500000000000
-28.8100000000000
81.0400000000000
14.7300000000000
57.1900000000000
10.1100000000000
15.8300000000000
33910
55.5300000000000
-5.03900000000000
44.3200000000000
155.300000000000
5.06800000000000
1506
132
60.2400000000000
167.800000000000
35.2900000000000
75.9700000000000
-63690
2.63800000000000
62.5900000000000
-18750
86.1800000000000
13.1900000000000
7.71200000000000
47.4000000000000
43.6500000000000
74.2300000000000
16.8300000000000
41820
26
9.09000000000000
16.9200000000000
0.291800000000000
5.33400000000000
-5065
60070
113
61.6300000000000
61.9000000000000
61.3500000000000
83380
60.2400000000000
36.7000000000000
83.7300000000000
44.1100000000000
44.6700000000000
62.9200000000000
-5401
106.400000000000
11.9600000000000
-0.901100000000000
4949
20.7200000000000
84.7900000000000
80.5000000000000
38.1500000000000
185300
82.3100000000000
-36670
-11940
309
-87020
-7.97200000000000
-87.0200000000000
-6.31200000000000
-12.3900000000000
-0.0410200000000000
52
15290
-6.93300000000000
17.9400000000000
38.1200000000000
19.0300000000000
48.0600000000000
68.7700000000000
400.600000000000
3523
47.6200000000000
72.7500000000000
77.1700000000000
-31270
267.400000000000
-12.0900000000000
13870
3.62800000000000
88.4500000000000
38.8000000000000
79.6100000000000
326.800000000000
4.15200000000000
62.1300000000000
71.7600000000000
2.44300000000000
-58.3100000000000
59.7600000000000
53.8600000000000
83.0800000000000
51.7500000000000
90.8200000000000
60.8000000000000
62.9700000000000
-1.36500000000000
96.4100000000000
86870
28.2400000000000
34.7800000000000
64.4700000000000
21.0600000000000
86.0300000000000
34050
-288100
9.20600000000000
638.600000000000
4968
10270
-11.6600000000000
3.83600000000000
67.7800000000000
51.3700000000000
49.8000000000000
27.8800000000000
15.5300000000000
39.1000000000000
7.40800000000000
908.900000000000
5.79800000000000
13.1700000000000
64.3800000000000
38.4800000000000
68.9000000000000
38.6500000000000
64.3800000000000
61.9900000000000
61.3300000000000
98.8200000000000
12.3700000000000
119.100000000000
25.0800000000000
-24.7300000000000
10.8100000000000
2.48100000000000
12.7400000000000
-27280
72.5500000000000
-5.09500000000000
149.100000000000
16.8400000000000
11.8100000000000
75.2800000000000
10550
13.4800000000000
4.48200000000000
6305
23.9000000000000
-15550
-1.89100000000000
68.9500000000000
56590
36.0500000000000
63.6300000000000
67.0900000000000
62.3800000000000
60.1400000000000
15.7500000000000
-772.400000000000
7.51100000000000
7394
52.5000000000000
50.6600000000000
66.0200000000000
7.16500000000000
61.4300000000000
-68.0500000000000
21.4300000000000
-0.138000000000000
39.1400000000000
7.11900000000000
83.9700000000000
83.8500000000000
158.500000000000
44.1000000000000
15.2500000000000
24.9500000000000
56.7700000000000
15.3200000000000
94.9600000000000
-28290
3.55800000000000
28120
16.6100000000000
-21.1800000000000
191.400000000000
81.8500000000000
60.0300000000000
85.5300000000000
82270
39.6000000000000
51.8600000000000
19.9200000000000
44
45.4600000000000
47.7700000000000
-65430
12.9500000000000
147.900000000000
72.9900000000000
41.1200000000000
59.6400000000000
39.5100000000000
13720
-10.9600000000000
2.63500000000000
47.5500000000000
53270
12.8100000000000
9.42700000000000
-0.109100000000000
1.15800000000000
92.5900000000000
14.4200000000000
8.60400000000000
56.7200000000000
-0.151900000000000
65.4300000000000
29.4600000000000
60.3800000000000
40.7200000000000
4007
30.4000000000000
58830
66.5600000000000
17.8600000000000
53.2700000000000
-0.497400000000000
19.5100000000000
63200
135.600000000000
73310
50.2300000000000
-102.300000000000
59.9800000000000
29.3100000000000
73.4000000000000
18.1900000000000
37340
63.4400000000000
58.1000000000000
54.5400000000000
23.4800000000000
-277.700000000000
34.8800000000000
106.700000000000
60.8000000000000
4.56100000000000
1.41000000000000
50.8500000000000
44.7500000000000
54.8400000000000
16.8300000000000
31.0500000000000
-16470
93.1400000000000
6.46100000000000
38.4000000000000
30.3200000000000
117500
57.5100000000000
56.4800000000000
-12.6500000000000
-6786
50.0300000000000
65.8200000000000
23640
-36760
8.91100000000000
50.2600000000000
6.62800000000000
20.4300000000000
0.196200000000000
25.7200000000000
71.2700000000000
61450
65.6700000000000
-5.23100000000000
-3132
-2892
5.64800000000000
79.5100000000000
4.44200000000000
-66.0100000000000
28.0200000000000
67.0100000000000
19350
20.0500000000000
-19.9100000000000
60.0100000000000
71.4700000000000
17.9300000000000
19.3900000000000
29.8100000000000
45.3800000000000
60.0900000000000
48.4700000000000
43.1200000000000
62.4500000000000
98010
30.4600000000000
60.4900000000000
124200
-47.8800000000000
54.5000000000000
33210
-3.60300000000000
288.500000000000
237.800000000000
58.5900000000000
60.0800000000000
41.8100000000000
55.3500000000000
138.300000000000
60.0500000000000
-332600
-4703
81.9900000000000
45.5800000000000
96.1600000000000
-103.600000000000
15.2000000000000
63.7900000000000
44.2400000000000
8475
17.8900000000000
1025
17000
50.4100000000000
-0.0440500000000000
10.2600000000000
66.7900000000000
83.0700000000000
42.9600000000000
60.6700000000000
31.6900000000000
22920
56.1200000000000
87.7400000000000
58.2100000000000
92.6300000000000
88.7600000000000
214300
17.4900000000000
283.700000000000
73040
29.9700000000000
12.5800000000000
24.7600000000000
0.273400000000000
60.5200000000000
101.600000000000
32.9200000000000
50.5000000000000
-23.1200000000000
-0.354700000000000
42.9700000000000
5.04500000000000
68.3000000000000
56.0500000000000
89.2000000000000
-18490
16.7800000000000
146.100000000000
78.0200000000000
15790
56.3500000000000
306400
-10070
-11.1600000000000
103.700000000000
23.9700000000000
16.5200000000000
-50.8400000000000
-10090
8.25800000000000
6.07400000000000
98.9400000000000
44.6900000000000
74.4800000000000
-0.542200000000000
10.4100000000000
12.4500000000000
3274
98.0100000000000
56.8100000000000
47.7000000000000
53.9100000000000
9.43300000000000
89.8100000000000
44.1800000000000
56.7000000000000
50.0500000000000
-17940
56.9400000000000
29.4900000000000
37.9500000000000
-24.3800000000000
314.900000000000
9.78200000000000
3.65000000000000
16.0600000000000
60.7600000000000
15.7900000000000
15.2300000000000
1.74000000000000
16
-53500
43.1900000000000
20710
58.5200000000000
84.6000000000000
10
54.3100000000000
183
109.800000000000
3.05500000000000
60.7800000000000
-4.99500000000000
-0.0787500000000000
13.0300000000000
-7754
30.5000000000000
3.84800000000000
79.4900000000000
15.5100000000000
-17.5700000000000
38.9500000000000
46.9700000000000
45.1500000000000
95.5600000000000
-35910
11.5800000000000
14.2700000000000
59.5400000000000
2.95200000000000
37.8500000000000
193.300000000000
34.6500000000000
-509
0.690200000000000
6.53200000000000
47.8300000000000
0.184300000000000
77010
39.1500000000000
28.6400000000000
56.5500000000000
-5.95200000000000
53.1200000000000
6.25800000000000
85.7600000000000
12180
7.39100000000000
-12.2300000000000
1.75700000000000
85.1800000000000
91.9000000000000
59.9400000000000
122.200000000000
52.3100000000000
24.4000000000000
12090
-10010
59.9400000000000
569.400000000000
-4270
40.4500000000000
-595800
-3.94800000000000
4.65000000000000
8.25800000000000
-1286
100200
9.37900000000000
62.6100000000000
23.2800000000000
53.7900000000000
41.7700000000000
8.92600000000000
20.0400000000000
52.5000000000000
41.1600000000000
72.3100000000000
54.2600000000000
74.4800000000000
7205
-1.83800000000000
14.1500000000000
-0.0444200000000000
7.03300000000000
88.6600000000000
7645
21.8700000000000
53.1600000000000
56.0900000000000
12.1000000000000
103
4305
15.4000000000000
55.1300000000000
21.1400000000000
4.25300000000000
39.3200000000000
4397
47090
55.2200000000000
110.900000000000
141.900000000000
457.400000000000
73.8800000000000
-58.9700000000000
56.9400000000000
38.3400000000000
2.88300000000000
61.1800000000000
4.56400000000000
7.42100000000000
193.200000000000
2.73200000000000
-7.95600000000000
-28.9400000000000
-9137
8.38000000000000
61.3300000000000
5.74200000000000
15.3200000000000
73.6100000000000
7.88600000000000
4431
68.4800000000000
12.1400000000000
29.0300000000000
9.66900000000000
54.1100000000000
57.3800000000000
48.4700000000000
8.10000000000000
-3.73100000000000
2146
-30460
-16900
2.51100000000000
-8.65600000000000
1.37000000000000
40.8200000000000
35.7500000000000
-30.0300000000000
66.7900000000000
24.3800000000000
68.4700000000000
6.74400000000000
11.8100000000000
20.9900000000000
24840
12.0600000000000
35.9200000000000
88.4600000000000
25.3400000000000
21.7800000000000
35.3300000000000
69.1600000000000
56.6400000000000
-32020
60.0700000000000
-16070
34.2100000000000
10
1.07100000000000
26.5500000000000
806.800000000000
17.0500000000000
15.5500000000000
877
76.1400000000000
13.1100000000000
71.1000000000000
53.7000000000000
80.9100000000000
26.8000000000000
6.54900000000000
39.9100000000000
24.2800000000000
19.7300000000000
-0.228300000000000
156100
11.6100000000000
63.8100000000000
17.5300000000000
19.5100000000000
-5.07500000000000
69240
-243.200000000000
68.9500000000000
39.2600000000000
-0.0855100000000000
-207.200000000000
24390
20.8200000000000
22.6600000000000
4.97500000000000
-2.94000000000000
14.2600000000000
21.3900000000000
-69.1700000000000
-5.73900000000000
1.08000000000000
5.86900000000000
3.68300000000000
32.7100000000000
16.5500000000000
11.7300000000000
47.6800000000000
70.0100000000000
34.1000000000000
10.1100000000000
19
4079
-43.7400000000000
70.4200000000000
76.9400000000000
-15970
60.0300000000000
11.8800000000000
5.11200000000000
571.300000000000
5.54800000000000
-3.38900000000000
-3.96100000000000
22.6200000000000
-1.35900000000000
29.5800000000000
56.0200000000000
62.3900000000000
38.4500000000000
17.2000000000000
-0.766000000000000
-16200
-3818
11.3100000000000
59.7400000000000
64.2100000000000
17.1300000000000
55.5700000000000
16.1400000000000
8.44400000000000
-137.800000000000
75.3900000000000
60.1800000000000
-97.8800000000000
63.9800000000000
2876
114200
11.8900000000000
65.9300000000000
233.100000000000
454.900000000000
13.5200000000000
-8504
30.5400000000000
57.8300000000000
-3880
-6.00600000000000
9.11900000000000
60.0500000000000
57.2500000000000
9.66000000000000
-37.5100000000000
0.00652200000000000
563.500000000000
28.5800000000000
12.4300000000000
56.5500000000000
19.3000000000000
53.1800000000000
77.2000000000000
64.2900000000000
-6.07300000000000
-20590
13.8100000000000
87320
44.9600000000000
72080
-58.1000000000000
7.68300000000000
57.5300000000000
1.53600000000000
10.2800000000000
18.7500000000000
6850
49.5800000000000
87.1800000000000
28.0900000000000
36.7000000000000
-15.0600000000000
68.6700000000000
35.9100000000000
-10.1600000000000
-0.107900000000000
14010
52.0300000000000
38.1000000000000
-6.41900000000000
25.3900000000000
60.2700000000000
5.14700000000000
3974
153.500000000000
43.4200000000000
55.6700000000000
14.2300000000000
29.5000000000000
49.5100000000000
186.100000000000
6.26400000000000
18.7000000000000
47.2900000000000
56.5600000000000
-169
52.3100000000000
69.6200000000000
2.55800000000000
37.9100000000000
61.6500000000000
16.6300000000000
74.2900000000000
89.5300000000000
1914
70.4300000000000
75.2100000000000
-794
408.800000000000
75.4400000000000
31.5700000000000
96.0600000000000
79.2200000000000
47.9800000000000
9.32700000000000
118.400000000000
84.7500000000000
40.6400000000000
-3.36700000000000
106.900000000000
-2.87600000000000
61.1400000000000
28510
18.9400000000000
21.7200000000000
27.2000000000000
18.9600000000000
1081
-15790
21.7200000000000
5.44900000000000
-4700
75.1400000000000
-109.900000000000
72.3100000000000
72.4600000000000
38.9900000000000
124.500000000000
18.6700000000000
6870
82.2400000000000
0.373600000000000
114.900000000000
1960
14.4100000000000
16.2500000000000
53150
57.7400000000000
62.3500000000000
62.4800000000000
64.1000000000000
55.1000000000000
408500
-36000
82.1300000000000
1055
-69.5800000000000
52690
34.7600000000000
69490
-35000
-1.29500000000000
57.3500000000000
12.4700000000000
58.9100000000000
66930
166.400000000000
31.0100000000000
69100
15.7200000000000
1.84400000000000
1.96600000000000
39.1800000000000
48.9800000000000
44.4100000000000
53.0600000000000
48.9500000000000
61.4700000000000
63.8900000000000
-5.15400000000000
60
-3019
39.6100000000000
218.700000000000
25.1800000000000
70.9800000000000
60.0200000000000
67.3800000000000
-37940
42030
-94.6300000000000
-5.92400000000000
131.700000000000
57.4500000000000
11.3100000000000
60.0700000000000
43.2300000000000
5.20100000000000
59.0500000000000
21.4100000000000
49.8700000000000
58.8600000000000
75.4400000000000
14.2400000000000
14
90
-55.2700000000000
-4.08400000000000
-8.35600000000000
28.4600000000000
28.5600000000000
41.4900000000000
53.7600000000000
38.7100000000000
22.2500000000000
29.4700000000000
218.100000000000
177.900000000000
62.0200000000000
19.5200000000000
1.23300000000000
-25.2500000000000
96.8500000000000
-0.929100000000000
29.5400000000000
-3.13700000000000
6.68100000000000
62.7800000000000
12.9600000000000
94.4900000000000
58.9700000000000
14.2800000000000
65.9500000000000
-11.0100000000000
10.3100000000000
57.4800000000000
49.6800000000000
7.37400000000000
81.3700000000000
79.6700000000000
39.9600000000000
8.31400000000000
194.500000000000
35.4300000000000
58.8600000000000
-4283
52.0500000000000
-6862
30.0900000000000
22.5600000000000
15.1900000000000
32.9500000000000
699.200000000000
-14920
-3553
63
39.1900000000000
24.6300000000000
32.5900000000000
-6.17200000000000
-4993
-19.5300000000000
58.6500000000000
2782
14.5400000000000
9.23500000000000
80.8900000000000
52.5000000000000
73.1300000000000
60.0700000000000
4.52800000000000
5449
57.2700000000000
-0.112700000000000
17.8300000000000
50.3200000000000
83.8000000000000
3078
-5.01100000000000
114700
61.6300000000000
138.100000000000
104.500000000000
-285.800000000000
60.6900000000000
24.4600000000000
33.0600000000000
-152.800000000000
75840
-0.765600000000000
3.46000000000000
96.9900000000000
-93.2300000000000
-22.7100000000000
39.4300000000000
64.7600000000000
25.2700000000000
74.6400000000000
-39.9200000000000
10.8200000000000
161200
17.6000000000000
52.4700000000000
41.7700000000000
39.7700000000000
-1.10400000000000
3.34800000000000
260700
56.6000000000000
80.2500000000000
49.9100000000000
98.0900000000000
-0.359600000000000
451.900000000000
50.9800000000000
-34050
-1.19300000000000
60.1800000000000
69.2800000000000
10.1000000000000
60.4200000000000
76.3300000000000
22.5800000000000
-7.97600000000000
-23.8600000000000
51.2200000000000
6.47400000000000
9.50900000000000
7.84300000000000
63.6200000000000
61.6500000000000
63.1000000000000
15.4400000000000
35
170
-8.40800000000000
253.200000000000
-16150
55.4400000000000
-61.8000000000000
2.26900000000000
77.0600000000000
-21390
251.200000000000
-0.0686300000000000
52.7700000000000
-3.18900000000000
36.6100000000000
30.0200000000000
-0.218400000000000
7.01300000000000
33.9200000000000
9.75700000000000
11.7300000000000
65.3700000000000
8.66400000000000
-92.9000000000000
19.5100000000000
-1.38500000000000
46.9600000000000
38.1700000000000
72.3500000000000
26.5600000000000
23.4100000000000
4028
-235.200000000000
66
4.59800000000000
1585
5.14900000000000
35680
83.1300000000000
28.4600000000000
16.2900000000000
81.4500000000000
6.11200000000000
102.600000000000
14.1100000000000
118.100000000000
202.800000000000
89.9500000000000
-19.0900000000000
98.5600000000000
35.8300000000000
28.9300000000000
21.8100000000000
69.6800000000000
57.6400000000000
49.2600000000000
76.2200000000000
51.2100000000000
17.4300000000000
48.6000000000000
10.9300000000000
9.24800000000000
62910
6.21100000000000
80.7900000000000
32.3800000000000
-1.18500000000000
18.9400000000000
-22800
70480
-17350
47.4800000000000
12.1600000000000
17.4200000000000
-179900
57.2400000000000
42.5700000000000
55.7400000000000
1120
9.09500000000000
202
170
12.7200000000000
55.0800000000000
73.6800000000000
22.5300000000000
44.6400000000000
12.7100000000000
33.2400000000000
57.3800000000000
-18.9800000000000
28.7600000000000
6.21300000000000
92.6900000000000
30.6600000000000
-19.8500000000000
-476
33.6300000000000
41.2800000000000
5.58800000000000
55.0600000000000
59.7900000000000
84.6600000000000
38.6900000000000
-29.9100000000000
50.1700000000000
-114.300000000000
32.5500000000000
-25.4200000000000
99.5500000000000
2.39300000000000
39.5600000000000
32.4100000000000
40.8200000000000
78.9200000000000
47.9100000000000
45.1500000000000
36.9300000000000
-7023
55.4100000000000
-2026
189.400000000000
6.66600000000000
69.9100000000000
430.200000000000
60.2500000000000
39570
52.9300000000000
55.7300000000000
18.7300000000000
49.2100000000000
72.3400000000000
8.43100000000000
971.200000000000
5.06200000000000
31.1400000000000
54.6000000000000
-5.43700000000000
38510000
6.93500000000000
57.0800000000000
59.7300000000000
54.0200000000000
6.32300000000000
43.9400000000000
-3.48500000000000
55.0600000000000
-14.7500000000000
18760
3384
56.6200000000000
169
71380
68.2300000000000
1.29400000000000
56.6400000000000
12.6600000000000
-25.9900000000000
145100
30.1500000000000
80220
-0.0286200000000000
7307
-0.962200000000000
299.100000000000
99.3300000000000
-2078
-6371
-3.61800000000000
11.7600000000000
47.6800000000000
75.6700000000000
-27.0100000000000
2084
-3.08100000000000
30.1200000000000
51.9400000000000
52.4300000000000
231.800000000000
39.1800000000000
60.4500000000000
34.8800000000000
40940
0.919100000000000
-92.9900000000000
28.3400000000000
5.68600000000000
-18.0700000000000
34220
69.9100000000000
10.5300000000000
-28940
55.8000000000000
527.100000000000
-12.6100000000000
-99150
7.33200000000000
7.41900000000000
41.6300000000000
46.4400000000000
-316.600000000000
44.5700000000000
10.0500000000000
56.6700000000000
12.0700000000000
31.2500000000000
2953
-1.79800000000000
2.51900000000000
27860
-5026
12.2700000000000
13.7400000000000
49920
16.2100000000000
-84060
21.5800000000000
-62.0200000000000
33.8700000000000
15.8500000000000
-13970
192.300000000000
12.7500000000000
317400
1.80700000000000
70.5000000000000
-25340
245.700000000000
-15560
61.7900000000000
103.600000000000
13.9300000000000
9.35300000000000
31.8500000000000
54.7900000000000
23.5400000000000
20.4200000000000
16.3300000000000
112.200000000000
63.5500000000000
16.1500000000000
1.62600000000000
11.1700000000000
111.300000000000
7.91700000000000
36.6200000000000
25.4500000000000
27.0800000000000
60.8200000000000
78.1400000000000
-9.70900000000000
-121.200000000000
-11.9900000000000
62.2400000000000
97.3900000000000
0.726600000000000
38.1800000000000
-31.1500000000000
117.200000000000
-4.29800000000000
87.2000000000000
144100
36.7500000000000
23.5700000000000
8.42500000000000
18.2800000000000
49.8100000000000
63.5100000000000
-9.68900000000000
304.400000000000
23.2000000000000
-92260
26.9900000000000
37.5900000000000
54.2500000000000
41.2000000000000
70.7400000000000
3.70400000000000
42.5600000000000
57.6000000000000
35.0300000000000
349.200000000000
136
-21370
32310
70.9000000000000
193.900000000000
9.68800000000000
-7.90200000000000
43.2400000000000
47.6800000000000
5.11600000000000
-271.300000000000
-5.94700000000000
17.1800000000000
16.1100000000000
34.7500000000000
11.2800000000000
17.9200000000000
32.7000000000000
60.4000000000000
59.6200000000000
15.7700000000000
10.6000000000000
77.1900000000000
54.2700000000000
11.5400000000000
73.4400000000000
12.5800000000000
-14.9500000000000
-8.53600000000000
70.9800000000000
31.2200000000000
12.1700000000000
37.4500000000000
67.5700000000000
103.900000000000
15150
-5.98900000000000
15.7600000000000
4.47800000000000
53.8500000000000
-10.4200000000000
13.9000000000000
2.10700000000000
28.5100000000000
86.6500000000000
57.7200000000000
45.6800000000000
40.3200000000000
11.4800000000000
-0.0406900000000000
40.1500000000000
85.1600000000000
163500
46.7800000000000
62.6700000000000
-4.00800000000000
19.8600000000000
-295.100000000000
-91.4600000000000
-7.65300000000000
10.1900000000000
108.900000000000
61.6500000000000
95440
-20.6500000000000
126500
-393.400000000000
36.3900000000000
-4.22600000000000
26.5500000000000
7.09900000000000
17.6300000000000
-56060
-1.90700000000000
27890
55.0900000000000
37.8100000000000
36.0700000000000
898.100000000000
-3.16100000000000
50.4000000000000
53.7900000000000
10.5700000000000
-0.505500000000000
18.1900000000000
-4062
44.7700000000000
116.400000000000
29.6000000000000
-2.47400000000000
-637.700000000000
1.37400000000000
18.1700000000000
-79.3700000000000
19.4400000000000
88.2000000000000
-10650
25380
6.17400000000000
7.91800000000000
122.800000000000
-11.9000000000000
63.9800000000000
45.0300000000000
44800
87.4800000000000
110.700000000000
1.90700000000000
26.1800000000000
85.2300000000000
63.9800000000000
-59.0800000000000
15.9800000000000
39.1100000000000
76.0100000000000
-85.0600000000000
72.6600000000000
56.6500000000000
67.9400000000000
23.8100000000000
78.9700000000000
46.9000000000000
31.9100000000000
2.74700000000000
18.3400000000000
784.400000000000
17.3900000000000
1.74400000000000
60.5700000000000
-283.400000000000
70.7900000000000
81.4700000000000
8.13100000000000
88040
8.97900000000000
79.3500000000000
26020
73.1400000000000
12.6700000000000
124800
79.7100000000000
-60630
-3.58500000000000
-12620
182.100000000000
39.2200000000000
33.1000000000000
19.1900000000000
56.1600000000000
26150
-7509
16.0200000000000
6.88200000000000
-58050
68.8000000000000
16450
49.8100000000000
243
119600
19.0700000000000
21.1600000000000
8.77400000000000
24950
124600
-2.42100000000000
48.7600000000000
-28.0600000000000
62.3000000000000
42.6200000000000
8.38600000000000
38.3300000000000
81.6900000000000
8.55300000000000
61.2100000000000
144.300000000000
-27280
0.00587900000000000
60.5700000000000
116.200000000000
53.8500000000000
104.900000000000
2.81700000000000
-580.500000000000
61.1700000000000
163600
59.1900000000000
62.2500000000000
74.5800000000000
39.2300000000000
-43380
5373
10.4600000000000
78.4400000000000
75.8200000000000
-12.5800000000000
-9664
89.0300000000000
55.9500000000000
-0.373700000000000
58.8100000000000
9.35800000000000
269.800000000000
56.9600000000000
2817
159
34.1600000000000
8.06700000000000
80.8900000000000
6.89200000000000
-0.300800000000000
9.35900000000000
81.2900000000000
113.400000000000
3.03700000000000
-227.300000000000
70
3.35500000000000
39.0400000000000
-3.08500000000000
33.9800000000000
31.8800000000000
1677
10.1200000000000
17.9100000000000
71.7200000000000
57.1200000000000
122700
54.7300000000000
-0.0627900000000000
8.49900000000000
64.5800000000000
58.0600000000000
9.91300000000000
101.200000000000
42.5500000000000
46.8100000000000
11.6300000000000
85.8900000000000
2052
3740
-6.31000000000000
27.2900000000000
-63.4500000000000
24.9500000000000
42660
11.5300000000000
55.0200000000000
92.1400000000000
133.900000000000
75.1900000000000
25.8100000000000
66.5500000000000
29.3300000000000
86.8300000000000
-0.0182000000000000
18.7200000000000
8.96000000000000
141.900000000000
49.1800000000000
60.1200000000000
97.3700000000000
59.3700000000000
-3335
0.780800000000000
50500
59.2900000000000
72.5600000000000
-33.3900000000000
14890
31.3800000000000
1381
-31.2700000000000
9.13300000000000
76.9000000000000
48.0100000000000
8.16100000000000
17.9500000000000
22.1400000000000
59.5400000000000
70.6900000000000
-548.800000000000
81.5200000000000
41.3800000000000
35.9300000000000
16.5000000000000
7017
-7.07800000000000
126900
-30.7200000000000
-24620
59.7200000000000
77.1400000000000
20.7100000000000
32.1000000000000
4.78100000000000
4.89300000000000
69.0500000000000
26.0100000000000
62230
-6774
70.8800000000000
554.600000000000
-13470
2824
25.1900000000000
50.4000000000000
-2765
108200
60.2800000000000
57.2500000000000
-28.8100000000000
81.0400000000000
14.7300000000000
57.1900000000000
10.1100000000000
15.8300000000000
33910
55.5300000000000
-5.03900000000000
44.3200000000000
155.300000000000
5.06800000000000
1506
132
60.2400000000000
167.800000000000
35.2900000000000
75.9700000000000
-63690
2.63800000000000
62.5900000000000
-18750
86.1800000000000
13.1900000000000
7.71200000000000
47.4000000000000
43.6500000000000
74.2300000000000
16.8300000000000
41820
26
9.09000000000000
16.9200000000000
0.291800000000000
5.33400000000000
-5065
60070
113
61.6300000000000
61.9000000000000
61.3500000000000
83380
60.2400000000000
36.7000000000000
83.7300000000000
44.1100000000000
44.6700000000000
62.9200000000000
-5401
106.400000000000
11.9600000000000
-0.901100000000000
4949
20.7200000000000
84.7900000000000
80.5000000000000
38.1500000000000
185300
82.3100000000000
-36670
-11940
309
-87020
-7.97200000000000
-87.0200000000000
-6.31200000000000
-12.3900000000000
-0.0410200000000000
52
15290
-6.93300000000000
17.9400000000000
38.1200000000000
19.0300000000000
48.0600000000000
68.7700000000000
400.600000000000
3523
47.6200000000000
72.7500000000000
77.1700000000000
-31270
267.400000000000
-12.0900000000000
13870
3.62800000000000
88.4500000000000
38.8000000000000
79.6100000000000
326.800000000000
4.15200000000000
62.1300000000000
71.7600000000000
2.44300000000000
-58.3100000000000
59.7600000000000
53.8600000000000
83.0800000000000
51.7500000000000
90.8200000000000
60.8000000000000
62.9700000000000
-1.36500000000000
96.4100000000000
86870
28.2400000000000
34.7800000000000
64.4700000000000
21.0600000000000
86.0300000000000
34050
-288100
9.20600000000000
638.600000000000
4968
10270
-11.6600000000000
3.83600000000000
67.7800000000000
51.3700000000000
49.8000000000000
27.8800000000000
15.5300000000000
39.1000000000000
7.40800000000000
908.900000000000
5.79800000000000
13.1700000000000
64.3800000000000
38.4800000000000
68.9000000000000
38.6500000000000
64.3800000000000
61.9900000000000
61.3300000000000
98.8200000000000
12.3700000000000
119.100000000000
25.0800000000000
-24.7300000000000
10.8100000000000
2.48100000000000
12.7400000000000
-27280
72.5500000000000
-5.09500000000000
149.100000000000
16.8400000000000
11.8100000000000
75.2800000000000
10550
13.4800000000000
4.48200000000000
6305
23.9000000000000
-15550
-1.89100000000000
68.9500000000000
56590
36.0500000000000
63.6300000000000
67.0900000000000
62.3800000000000
60.1400000000000
15.7500000000000
-772.400000000000
7.51100000000000
7394
52.5000000000000
50.6600000000000
66.0200000000000
7.16500000000000
61.4300000000000
-68.0500000000000
21.4300000000000
-0.138000000000000
39.1400000000000
7.11900000000000
83.9700000000000
83.8500000000000
158.500000000000
44.1000000000000
15.2500000000000
24.9500000000000
56.7700000000000
15.3200000000000
94.9600000000000
-28290
3.55800000000000
28120
16.6100000000000
-21.1800000000000
191.400000000000
81.8500000000000
60.0300000000000
85.5300000000000
82270
39.6000000000000
51.8600000000000
19.9200000000000
44
45.4600000000000
47.7700000000000
-65430
12.9500000000000
147.900000000000
72.9900000000000
41.1200000000000
59.6400000000000
39.5100000000000
13720
-10.9600000000000
2.63500000000000
47.5500000000000
53270
12.8100000000000
9.42700000000000
-0.109100000000000
1.15800000000000
92.5900000000000
14.4200000000000
8.60400000000000
56.7200000000000
-0.151900000000000
65.4300000000000
29.4600000000000
60.3800000000000
40.7200000000000
4007
30.4000000000000
58830
66.5600000000000
17.8600000000000
53.2700000000000
-0.497400000000000
19.5100000000000
63200
135.600000000000
73310
50.2300000000000
-102.300000000000
59.9800000000000
29.3100000000000
73.4000000000000
18.1900000000000
37340
63.4400000000000
58.1000000000000
54.5400000000000
23.4800000000000
-277.700000000000
34.8800000000000
106.700000000000
60.8000000000000
4.56100000000000
1.41000000000000
50.8500000000000
44.7500000000000
54.8400000000000
16.8300000000000
31.0500000000000
-16470
93.1400000000000
6.46100000000000
38.4000000000000
30.3200000000000
117500
57.5100000000000
56.4800000000000
-12.6500000000000
-6786
50.0300000000000
65.8200000000000
23640
-36760
8.91100000000000
50.2600000000000
6.62800000000000
20.4300000000000
0.196200000000000
25.7200000000000
71.2700000000000
61450
65.6700000000000
-5.23100000000000
-3132
-2892
5.64800000000000
79.5100000000000
4.44200000000000
-66.0100000000000
28.0200000000000
67.0100000000000
19350
20.0500000000000
-19.9100000000000
60.0100000000000
71.4700000000000
17.9300000000000
19.3900000000000
29.8100000000000
45.3800000000000
60.0900000000000
48.4700000000000
43.1200000000000
62.4500000000000
98010
30.4600000000000
60.4900000000000
124200
-47.8800000000000
54.5000000000000
33210
-3.60300000000000
288.500000000000
237.800000000000
58.5900000000000
60.0800000000000
41.8100000000000
55.3500000000000
138.300000000000
60.0500000000000
-332600
-4703
81.9900000000000
45.5800000000000
96.1600000000000
-103.600000000000
15.2000000000000
63.7900000000000
44.2400000000000
8475
17.8900000000000
1025
17000
50.4100000000000
-0.0440500000000000
10.2600000000000
66.7900000000000
83.0700000000000
42.9600000000000
60.6700000000000
31.6900000000000
22920
56.1200000000000
87.7400000000000
58.2100000000000
92.6300000000000
88.7600000000000
214300
17.4900000000000
283.700000000000
73040
29.9700000000000
12.5800000000000
24.7600000000000
0.273400000000000
60.5200000000000
101.600000000000
32.9200000000000
50.5000000000000
-23.1200000000000
-0.354700000000000
42.9700000000000
5.04500000000000
68.3000000000000
56.0500000000000
89.2000000000000
-18490
16.7800000000000
146.100000000000
78.0200000000000
15790
56.3500000000000
306400
-10070
-11.1600000000000
103.700000000000
23.9700000000000
16.5200000000000
-50.8400000000000
-10090
8.25800000000000
6.07400000000000
98.9400000000000
44.6900000000000
74.4800000000000
-0.542200000000000
10.4100000000000
12.4500000000000
3274
98.0100000000000
56.8100000000000
47.7000000000000
53.9100000000000
9.43300000000000
89.8100000000000
44.1800000000000
56.7000000000000
50.0500000000000
-17940
56.9400000000000
29.4900000000000
37.9500000000000
-24.3800000000000
314.900000000000
9.78200000000000
3.65000000000000
16.0600000000000
60.7600000000000
15.7900000000000
15.2300000000000
1.74000000000000
16
-53500
43.1900000000000
20710
58.5200000000000
84.6000000000000
10
54.3100000000000
183
109.800000000000
3.05500000000000
60.7800000000000
-4.99500000000000
-0.0787500000000000
13.0300000000000
-7754
30.5000000000000
3.84800000000000
79.4900000000000
15.5100000000000
-17.5700000000000
38.9500000000000
46.9700000000000
45.1500000000000
95.5600000000000
-35910
11.5800000000000
14.2700000000000
59.5400000000000
2.95200000000000
37.8500000000000
193.300000000000
34.6500000000000
-509
0.690200000000000
6.53200000000000
47.8300000000000
0.184300000000000
77010
39.1500000000000
28.6400000000000
56.5500000000000
-5.95200000000000
53.1200000000000
6.25800000000000
85.7600000000000
12180
7.39100000000000
-12.2300000000000
1.75700000000000
85.1800000000000
91.9000000000000
59.9400000000000
122.200000000000
52.3100000000000
24.4000000000000
12090
-10010
59.9400000000000
569.400000000000
-4270
40.4500000000000
-595800
-3.94800000000000
4.65000000000000
8.25800000000000
-1286
100200
9.37900000000000
62.6100000000000
23.2800000000000
53.7900000000000
41.7700000000000
8.92600000000000
20.0400000000000
52.5000000000000
41.1600000000000
72.3100000000000
54.2600000000000
74.4800000000000
7205
-1.83800000000000
14.1500000000000
-0.0444200000000000
7.03300000000000
88.6600000000000
7645
21.8700000000000
53.1600000000000
56.0900000000000
12.1000000000000
103
4305
15.4000000000000
55.1300000000000
21.1400000000000
4.25300000000000
39.3200000000000
4397
47090
55.2200000000000
110.900000000000
141.900000000000
457.400000000000
73.8800000000000
-58.9700000000000
56.9400000000000
38.3400000000000
2.88300000000000
61.1800000000000
4.56400000000000
7.42100000000000
193.200000000000
2.73200000000000
-7.95600000000000
-28.9400000000000
-9137
8.38000000000000
61.3300000000000
5.74200000000000
15.3200000000000
73.6100000000000
7.88600000000000
4431
68.4800000000000
12.1400000000000
29.0300000000000
9.66900000000000
54.1100000000000
57.3800000000000
48.4700000000000
8.10000000000000
-3.73100000000000
2146
-30460
-16900
2.51100000000000
-8.65600000000000
1.37000000000000
40.8200000000000
35.7500000000000
-30.0300000000000
66.7900000000000
24.3800000000000
68.4700000000000
6.74400000000000
11.8100000000000
20.9900000000000
24840
12.0600000000000
35.9200000000000
88.4600000000000
25.3400000000000
21.7800000000000
35.3300000000000
69.1600000000000
56.6400000000000
-32020
60.0700000000000
-16070
34.2100000000000
10
1.07100000000000
26.5500000000000
806.800000000000
17.0500000000000
15.5500000000000
877
76.1400000000000
13.1100000000000
71.1000000000000
53.7000000000000
80.9100000000000
26.8000000000000
6.54900000000000
39.9100000000000
24.2800000000000
19.7300000000000
-0.228300000000000
156100
11.6100000000000
63.8100000000000
17.5300000000000
19.5100000000000
-5.07500000000000
69240
-243.200000000000
68.9500000000000
39.2600000000000
-0.0855100000000000
-207.200000000000
24390
20.8200000000000
22.6600000000000
4.97500000000000
-2.94000000000000
14.2600000000000
21.3900000000000
-69.1700000000000
-5.73900000000000
1.08000000000000
5.86900000000000
3.68300000000000
32.7100000000000
16.5500000000000
11.7300000000000
47.6800000000000
70.0100000000000
34.1000000000000
10.1100000000000
19
4079
-43.7400000000000
70.4200000000000
76.9400000000000
-15970
60.0300000000000
11.8800000000000
5.11200000000000
571.300000000000
5.54800000000000
-3.38900000000000
-3.96100000000000
22.6200000000000
-1.35900000000000
29.5800000000000
56.0200000000000
62.3900000000000
38.4500000000000
17.2000000000000
-0.766000000000000
-16200
-3818
11.3100000000000
59.7400000000000
64.2100000000000
17.1300000000000
55.5700000000000
16.1400000000000
8.44400000000000
-137.800000000000
75.3900000000000
60.1800000000000
-97.8800000000000
63.9800000000000
2876
114200
11.8900000000000
65.9300000000000
233.100000000000
454.900000000000
13.5200000000000
-8504
30.5400000000000
57.8300000000000
-3880
-6.00600000000000
9.11900000000000
60.0500000000000
57.2500000000000
9.66000000000000
-37.5100000000000
0.00652200000000000
563.500000000000
28.5800000000000
12.4300000000000
56.5500000000000
19.3000000000000
53.1800000000000
77.2000000000000
64.2900000000000
-6.07300000000000
-20590
13.8100000000000
87320
44.9600000000000
72080
-58.1000000000000
7.68300000000000
57.5300000000000
1.53600000000000
10.2800000000000
18.7500000000000
6850
49.5800000000000
87.1800000000000
28.0900000000000
36.7000000000000
-15.0600000000000
68.6700000000000
35.9100000000000
-10.1600000000000
-0.107900000000000
14010
52.0300000000000
38.1000000000000
-6.41900000000000
25.3900000000000
60.2700000000000
5.14700000000000
3974
153.500000000000
43.4200000000000
55.6700000000000
14.2300000000000
29.5000000000000
49.5100000000000
186.100000000000
6.26400000000000
18.7000000000000
47.2900000000000
56.5600000000000
-169
52.3100000000000
69.6200000000000
2.55800000000000
37.9100000000000
61.6500000000000
16.6300000000000
74.2900000000000
89.5300000000000
1914
70.4300000000000
75.2100000000000
-794
408.800000000000
75.4400000000000
31.5700000000000
96.0600000000000
79.2200000000000
47.9800000000000
9.32700000000000
118.400000000000
84.7500000000000
40.6400000000000
-3.36700000000000
106.900000000000
-2.87600000000000
61.1400000000000
28510
18.9400000000000
21.7200000000000
27.2000000000000
18.9600000000000
1081
-15790
21.7200000000000
5.44900000000000
-4700
75.1400000000000
-109.900000000000
72.3100000000000
72.4600000000000
38.9900000000000
124.500000000000
18.6700000000000
6870
82.2400000000000
0.373600000000000
114.900000000000
1960
14.4100000000000
16.2500000000000
53150
57.7400000000000
62.3500000000000
62.4800000000000
64.1000000000000
55.1000000000000
408500
-36000
82.1300000000000
1055
-69.5800000000000
52690
34.7600000000000
69490
-35000
-1.29500000000000
57.3500000000000
12.4700000000000
58.9100000000000
66930
166.400000000000
31.0100000000000
69100
15.7200000000000
1.84400000000000
1.96600000000000
39.1800000000000
48.9800000000000
44.4100000000000
53.0600000000000
48.9500000000000
61.4700000000000
63.8900000000000
-5.15400000000000
60
-3019
39.6100000000000
218.700000000000
25.1800000000000
70.9800000000000
60.0200000000000
67.3800000000000
-37940
42030
-94.6300000000000
-5.92400000000000
131.700000000000
57.4500000000000
11.3100000000000
60.0700000000000
43.2300000000000
5.20100000000000
59.0500000000000
21.4100000000000
49.8700000000000
58.8600000000000
75.4400000000000
14.2400000000000
14
90
-55.2700000000000
-4.08400000000000
-8.35600000000000
28.4600000000000
28.5600000000000
41.4900000000000
53.7600000000000
38.7100000000000
22.2500000000000
29.4700000000000
218.100000000000
177.900000000000
62.0200000000000
19.5200000000000
1.23300000000000
-25.2500000000000
96.8500000000000
-0.929100000000000
29.5400000000000
-3.13700000000000
6.68100000000000
62.7800000000000
12.9600000000000
94.4900000000000
58.9700000000000
14.2800000000000
65.9500000000000
-11.0100000000000
10.3100000000000
57.4800000000000
49.6800000000000
7.37400000000000
81.3700000000000
79.6700000000000
39.9600000000000
8.31400000000000
194.500000000000
35.4300000000000
58.8600000000000
-4283
52.0500000000000
-6862
30.0900000000000
22.5600000000000
15.1900000000000
32.9500000000000
699.200000000000
-14920
-3553
63
39.1900000000000
24.6300000000000
32.5900000000000
-6.17200000000000
-4993
-19.5300000000000
58.6500000000000
2782
14.5400000000000
9.23500000000000
80.8900000000000
52.5000000000000
73.1300000000000
60.0700000000000
4.52800000000000
5449
57.2700000000000
-0.112700000000000
17.8300000000000
50.3200000000000
83.8000000000000
3078
-5.01100000000000
114700
61.6300000000000
138.100000000000
104.500000000000
-285.800000000000
60.6900000000000
24.4600000000000
33.0600000000000
-152.800000000000
75840
-0.765600000000000
3.46000000000000
96.9900000000000
-93.2300000000000
-22.7100000000000
39.4300000000000
64.7600000000000
25.2700000000000
74.6400000000000
-39.9200000000000
10.8200000000000
161200
17.6000000000000
52.4700000000000
41.7700000000000
39.7700000000000
-1.10400000000000
3.34800000000000
260700
56.6000000000000
80.2500000000000
49.9100000000000
98.0900000000000
-0.359600000000000
451.900000000000
50.9800000000000
-34050
-1.19300000000000
60.1800000000000
69.2800000000000
10.1000000000000
60.4200000000000
76.3300000000000
22.5800000000000
-7.97600000000000
-23.8600000000000
51.2200000000000
6.47400000000000
9.50900000000000
7.84300000000000
63.6200000000000
61.6500000000000
63.1000000000000
15.4400000000000
35
170
-8.40800000000000
253.200000000000
-16150
55.4400000000000
-61.8000000000000
2.26900000000000
77.0600000000000
-21390
251.200000000000
-0.0686300000000000
52.7700000000000
-3.18900000000000
36.6100000000000
30.0200000000000
-0.218400000000000
7.01300000000000
33.9200000000000
9.75700000000000
11.7300000000000
65.3700000000000
8.66400000000000
-92.9000000000000
19.5100000000000
-1.38500000000000
46.9600000000000
38.1700000000000
72.3500000000000
26.5600000000000
23.4100000000000
4028
-235.200000000000
66
4.59800000000000
1585
5.14900000000000
35680
83.1300000000000
28.4600000000000
16.2900000000000
81.4500000000000
6.11200000000000
102.600000000000
14.1100000000000
118.100000000000
202.800000000000
89.9500000000000
-19.0900000000000
98.5600000000000
35.8300000000000
28.9300000000000
21.8100000000000
69.6800000000000
57.6400000000000
49.2600000000000
76.2200000000000
51.2100000000000
17.4300000000000
48.6000000000000
10.9300000000000
9.24800000000000
62910
6.21100000000000
80.7900000000000
32.3800000000000
-1.18500000000000
18.9400000000000
-22800
70480
-17350
47.4800000000000
12.1600000000000
17.4200000000000
-179900
57.2400000000000
42.5700000000000
55.7400000000000
1120
9.09500000000000
202
170
12.7200000000000
55.0800000000000
73.6800000000000
22.5300000000000
44.6400000000000
12.7100000000000
33.2400000000000
57.3800000000000
-18.9800000000000
28.7600000000000
6.21300000000000
92.6900000000000
30.6600000000000
-19.8500000000000
-476
33.6300000000000
41.2800000000000
5.58800000000000
55.0600000000000
59.7900000000000
84.6600000000000
38.6900000000000
-29.9100000000000
50.1700000000000
-114.300000000000
32.5500000000000
-25.4200000000000
99.5500000000000
2.39300000000000
39.5600000000000
32.4100000000000
40.8200000000000
78.9200000000000
47.9100000000000
45.1500000000000
36.9300000000000
-7023
55.4100000000000
-2026
189.400000000000
6.66600000000000
69.9100000000000
430.200000000000
60.2500000000000
39570
52.9300000000000
55.7300000000000
18.7300000000000
49.2100000000000
72.3400000000000
8.43100000000000
971.200000000000
5.06200000000000
31.1400000000000
54.6000000000000
-5.43700000000000
38510000
6.93500000000000
57.0800000000000
59.7300000000000
54.0200000000000
6.32300000000000
43.9400000000000
-3.48500000000000
55.0600000000000
-14.7500000000000
18760
3384
56.6200000000000
169
71380
68.2300000000000
1.29400000000000
56.6400000000000
12.6600000000000
-25.9900000000000
145100
30.1500000000000
80220
-0.0286200000000000
7307
-0.962200000000000
299.100000000000
99.3300000000000
-2078
-6371
-3.61800000000000
11.7600000000000
47.6800000000000
75.6700000000000
-27.0100000000000
2084
-3.08100000000000
30.1200000000000
51.9400000000000
52.4300000000000
231.800000000000
39.1800000000000
60.4500000000000
34.8800000000000
40940
0.919100000000000
-92.9900000000000
28.3400000000000
5.68600000000000
-18.0700000000000
34220
69.9100000000000
10.5300000000000
-28940
55.8000000000000
527.100000000000
-12.6100000000000
-99150
7.33200000000000
7.41900000000000
41.6300000000000
46.4400000000000
-316.600000000000
44.5700000000000
10.0500000000000
56.6700000000000
12.0700000000000
31.2500000000000
2953
-1.79800000000000
2.51900000000000
27860
-5026
12.2700000000000
13.7400000000000
49920
16.2100000000000
-84060
21.5800000000000
-62.0200000000000
33.8700000000000
15.8500000000000
-13970
192.300000000000
12.7500000000000
317400
1.80700000000000
70.5000000000000
-25340
245.700000000000
-15560
61.7900000000000
103.600000000000
13.9300000000000
9.35300000000000
31.8500000000000
54.7900000000000
23.5400000000000
20.4200000000000
16.3300000000000
112.200000000000
63.5500000000000
16.1500000000000
1.62600000000000
11.1700000000000
111.300000000000
7.91700000000000
36.6200000000000
25.4500000000000
27.0800000000000
60.8200000000000
78.1400000000000
-9.70900000000000
-121.200000000000
-11.9900000000000
62.2400000000000
97.3900000000000
0.726600000000000
38.1800000000000
-31.1500000000000
117.200000000000
-4.29800000000000
87.2000000000000
144100
36.7500000000000
23.5700000000000
8.42500000000000
18.2800000000000
49.8100000000000
63.5100000000000
-9.68900000000000
304.400000000000
23.2000000000000
-92260
26.9900000000000
37.5900000000000
54.2500000000000
41.2000000000000
70.7400000000000
3.70400000000000
42.5600000000000
57.6000000000000
35.0300000000000
349.200000000000
136
-21370
32310
70.9000000000000
193.900000000000
9.68800000000000
-7.90200000000000
43.2400000000000
47.6800000000000
5.11600000000000
-271.300000000000
-5.94700000000000
17.1800000000000
16.1100000000000
34.7500000000000
11.2800000000000
17.9200000000000
32.7000000000000
60.4000000000000
59.6200000000000
15.7700000000000
10.6000000000000
77.1900000000000
54.2700000000000
11.5400000000000
73.4400000000000
12.5800000000000
-14.9500000000000
-8.53600000000000
70.9800000000000
31.2200000000000
12.1700000000000