193.200000000000
137400
158.900000000000
105.300000000000
37460
12.8900000000000
75.3700000000000
65.7500000000000
-112700
172.200000000000
85.1100000000000
34.9500000000000
17880
114000
75120
147.500000000000
112.400000000000
138.200000000000
128.500000000000
35710
60.6800000000000
144.900000000000
50.4600000000000
8.33300000000000
70.2600000000000
163.800000000000
93.6000000000000
121.700000000000
164.800000000000
89.9600000000000
53420
62.2400000000000
65.2300000000000
167.800000000000
163400
75.7400000000000
128.800000000000
-609900
109.100000000000
126100
168.900000000000
253.400000000000
62.2700000000000
191.800000000000
125.500000000000
7.94700000000000
-126.300000000000
-20340
-6966
82.5700000000000
142.700000000000
71.8800000000000
159.500000000000
128.200000000000
173.600000000000
-17950
75.8700000000000
35.8000000000000
-109200
-56.2700000000000
8.11100000000000
92.5700000000000
120500
184.400000000000
21.8500000000000
156.600000000000
-11.1900000000000
131900
-15010
16.4500000000000
160.800000000000
18240
15.4800000000000
9.10100000000000
125.700000000000
103.100000000000
94.1700000000000
165.100000000000
562.600000000000
-15.3000000000000
216.500000000000
29.8700000000000
103.400000000000
462.800000000000
54.5900000000000
4.78500000000000
109.200000000000
145.600000000000
39.1300000000000
190.900000000000
55670
147.800000000000
128.200000000000
1905
126.900000000000
130.900000000000
136.400000000000
-6.89900000000000
92.5400000000000
42.9200000000000
64.8700000000000
169.200000000000
130200
97.5900000000000
-6285
109.800000000000
-13.0100000000000
79.5400000000000
104.900000000000
159.800000000000
72.7700000000000
-15.7700000000000
159.500000000000
145.800000000000
120800
15.3900000000000
177.800000000000
168.400000000000
74.9000000000000
574.200000000000
82.2500000000000
129.300000000000
129.600000000000
11990
11.7300000000000
118.900000000000
145.300000000000
75.5700000000000
-1685
147.100000000000
86.0200000000000
46910
72.3900000000000
57.3200000000000
-12000
86.0200000000000
87.5800000000000
9.88500000000000
39.1500000000000
146.700000000000
136.500000000000
125.900000000000
22060
-4773
-1922
25160
199.600000000000
161.100000000000
40320
160.200000000000
159.500000000000
148
257.800000000000
86450
64240
109.400000000000
193.200000000000
-137700
181.800000000000
-95.7700000000000
95970
30.6000000000000
67700
131.400000000000
73.0800000000000
113.800000000000
139.300000000000
47.1900000000000
151.500000000000
46510
169.300000000000
21490
-19.5200000000000
98.9500000000000
95.4000000000000
7429000
495.500000000000
57.8100000000000
44.2700000000000
31.9600000000000
105100
79520
79.2100000000000
115.800000000000
197.300000000000
78.5700000000000
167.600000000000
214.100000000000
82.6400000000000
-36540
11080
187.300000000000
-17020
-5452
337.500000000000
127.100000000000
66.5900000000000
91.7300000000000
63230
158.100000000000
100.500000000000
60.1700000000000
40.1400000000000
96.1600000000000
104.900000000000
-176500
60200
-52570
64.5200000000000
69380
21.2700000000000
-7866
115.100000000000
161.300000000000
64.5200000000000
54.7400000000000
146.700000000000
101.800000000000
1181000
153.500000000000
44.5400000000000
48.4800000000000
165.800000000000
0.664300000000000
148.500000000000
123.500000000000
150
37.4700000000000
71.8100000000000
24.6900000000000
154.500000000000
-262500
121.300000000000
260.200000000000
183.100000000000
6.24400000000000
26.4800000000000
7.04400000000000
41940
67.0400000000000
96370
73.2800000000000
-9.12600000000000
-14.9300000000000
193.200000000000
164
-474.100000000000
56.2700000000000
168.600000000000
193.200000000000
71750
168
72910
150.900000000000
73.9900000000000
-100
194.200000000000
101.200000000000
155
134.900000000000
31550
74270
76.6400000000000
5.43800000000000
162
74.9500000000000
18.9300000000000
141.500000000000
2866
138.400000000000
80.2800000000000
155
99310
159.100000000000
173.500000000000
199.500000000000
168
179.100000000000
176.300000000000
145.300000000000
27.6500000000000
160.200000000000
217.600000000000
198.600000000000
245.800000000000
150.600000000000
16.2200000000000
164
149.800000000000
110.200000000000
22240
245.800000000000
111
32.0300000000000
33.6900000000000
109.700000000000
16020
120.100000000000
46.0600000000000
164.400000000000
67.1900000000000
97.5700000000000
113.100000000000
-71.8700000000000
31.6400000000000
26.6300000000000
72.0100000000000
80.7400000000000
153
65.1800000000000
68.3200000000000
155.600000000000
55530
73.2800000000000
13570
169.300000000000
197.300000000000
179.500000000000
83.6300000000000
66.8500000000000
74.9500000000000
66170
127.400000000000
121.500000000000
246600
7.96500000000000
131.800000000000
136.800000000000
153.200000000000
114.400000000000
18.8100000000000
65.4800000000000
152.200000000000
10.6000000000000
16990
6781
155.300000000000
234.100000000000
72.7700000000000
423.900000000000
71.7300000000000
69.6600000000000
77.3600000000000
-106.900000000000
8.72200000000000
5346
87.5100000000000
310300
5.41700000000000
72.4600000000000
44760
91460
49220
45.1600000000000
64.1700000000000
137.100000000000
77.2700000000000
136.200000000000
61.1100000000000
-5.27400000000000
-46950
140.800000000000
47930
198
69.8200000000000
-21.1000000000000
43.4400000000000
3950
119.400000000000
85.4600000000000
10.2700000000000
70.4600000000000
61020
643.800000000000
127.900000000000
1.21600000000000
147.100000000000
135.800000000000
158.200000000000
10.3500000000000
76.7600000000000
-91.6900000000000
155
168.800000000000
142.800000000000
89.3400000000000
141.600000000000
142.300000000000
83.8900000000000
81.4500000000000
187.400000000000
79.0900000000000
21.2600000000000
76.9500000000000
93.1100000000000
99490
79.9300000000000
125.900000000000
9.98900000000000
98.9300000000000
64.7800000000000
-6321
142
197.400000000000
66.0500000000000
37470
158.200000000000
74.9900000000000
115.100000000000
74.9800000000000
160.100000000000
164.100000000000
-4885
154.500000000000
73.8700000000000
10.8600000000000
-364
20020
167
-32120
74.9400000000000
162800
194.800000000000
34.2800000000000
158.600000000000
162.700000000000
40.7800000000000
73.4400000000000
56.5300000000000
74.8900000000000
144900
60.4700000000000
150
82.7100000000000
89.2500000000000
34.3100000000000
71.8300000000000
-2.49500000000000
108.200000000000
62.1300000000000
193.200000000000
74140
130
173.600000000000
132.700000000000
153.500000000000
156.400000000000
159.700000000000
139.700000000000
67250
61.4900000000000
220.500000000000
34.0100000000000
43.0900000000000
142.100000000000
687.300000000000
100.200000000000
70.7700000000000
-11520
164.800000000000
26880
167
-2.29000000000000
16.4300000000000
123.100000000000
43.9300000000000
63.6400000000000
162.100000000000
111.300000000000
50150
863.600000000000
78.8200000000000
-42
72370
130.900000000000
152.700000000000
512.200000000000
60.3000000000000
192.600000000000
77.9900000000000
32.2300000000000
114.300000000000
-1742
130600
75
-97.7700000000000
25.4400000000000
40.9600000000000
90.1800000000000
136.600000000000
69.7800000000000
176.700000000000
-12.8100000000000
49190
47750
155.200000000000
159.400000000000
174.400000000000
94.2300000000000
56.7500000000000
208.800000000000
717.900000000000
72.2100000000000
142
406.500000000000
132.700000000000
142.200000000000
126.900000000000
77.2500000000000
60.7900000000000
156.200000000000
75
10.0300000000000
71.5700000000000
71.5300000000000
74.4800000000000
90.7600000000000
257.300000000000
257.700000000000
50.7800000000000
16.1000000000000
-222300
-10.9500000000000
39770
52.8100000000000
128.300000000000
134.900000000000
241.900000000000
19.7700000000000
130.300000000000
132.200000000000
3.58800000000000
136.900000000000
33.5200000000000
87.9400000000000
-169300
159.200000000000
-274.500000000000
99.2600000000000
50.2900000000000
-28070
37.3000000000000
-31780
76.5700000000000
58.6300000000000
173.900000000000
64.6000000000000
39.9500000000000
140.500000000000
-35210
141.200000000000
106.900000000000
130.900000000000
69.3000000000000
74.9100000000000
170.200000000000
105500
75.3800000000000
78.6600000000000
160.500000000000
79.7700000000000
505.900000000000
164.900000000000
107.800000000000
149.100000000000
66.5500000000000
172.500000000000
77.2400000000000
5194
433.100000000000
129.600000000000
137.600000000000
326.100000000000
9.95700000000000
128.100000000000
117.700000000000
11.4700000000000
105.900000000000
5007
178.500000000000
154
119.200000000000
122.800000000000
-20170
1174
124.700000000000
-34480
94.1200000000000
-6453
121.500000000000
74.7500000000000
-231.800000000000
69.9300000000000
8.41900000000000
129.300000000000
92.8800000000000
174.700000000000
6829
20440
68.9300000000000
144.200000000000
-24470
88.9700000000000
105200
61.3600000000000
142.200000000000
154.900000000000
153.700000000000
94220
72540
9.90100000000000
159
162.300000000000
143.400000000000
33.7400000000000
76.6800000000000
152.600000000000
-9.79700000000000
74.9900000000000
8.67800000000000
5.92200000000000
157.300000000000
60.4500000000000
71.4500000000000
111.900000000000
9.76500000000000
47.3200000000000
70.6300000000000
69.2600000000000
26860
125.600000000000
135.900000000000
142.500000000000
117.700000000000
7044
6.74600000000000
132.600000000000
166.100000000000
59140
136.700000000000
81.7500000000000
123.500000000000
-167.300000000000
-2.53900000000000
23.2400000000000
195.200000000000
56850
144.100000000000
100.500000000000
89.9300000000000
70.6200000000000
1621
226.800000000000
31.1400000000000
50.4000000000000
1189
151.600000000000
171.600000000000
3443
116.200000000000
238.400000000000
51.9000000000000
93.2900000000000
87.5200000000000
79.8000000000000
70.4800000000000
33.2800000000000
108.600000000000
7710
110
146.500000000000
-205.500000000000
153.400000000000
-19.3300000000000
36170
70.0900000000000
137.100000000000
132.700000000000
143
75.5400000000000
156200
33940
120.400000000000
129900
91.3100000000000
93.3500000000000
78.1700000000000
75.3200000000000
143.800000000000
36.7200000000000
150
141.300000000000
104.100000000000
154
76.9900000000000
135
47.6000000000000
90.7000000000000
166
13210
150.100000000000
77.3200000000000
113000
138.700000000000
94.7500000000000
132.200000000000
-6.68500000000000
-107.100000000000
4.97800000000000
127.500000000000
-30490
136.200000000000
138.300000000000
1089
129.400000000000
125.300000000000
70.7800000000000
78.0500000000000
-102800
112.600000000000
52.5500000000000
155.100000000000
55.7800000000000
66.6500000000000
59.2000000000000
390.900000000000
-240800
74.5300000000000
8.40200000000000
90.7900000000000
74.9600000000000
83.6000000000000
144.300000000000
91.6200000000000
89.4900000000000
73.8300000000000
63.7600000000000
136.200000000000
91560
162.400000000000
-1314
131.900000000000
-32.7000000000000
9722
141.700000000000
129.200000000000
124.800000000000
31830
27520
133000
110.700000000000
36.6200000000000
26310
77.6900000000000
29100
122.400000000000
452.900000000000
9.73100000000000
2077
53.8600000000000
-12.4400000000000
6.51200000000000
104.500000000000
-49910
95.7300000000000
91.2700000000000
-3063
48810
11500
89.5400000000000
137.400000000000
77.1500000000000
34960
144.900000000000
161.800000000000
80950
81.8500000000000
128
151.800000000000
126.300000000000
150
34.0200000000000
160.400000000000
122.400000000000
18.1600000000000
163.400000000000
155.900000000000
69.4200000000000
27720
-30.5900000000000
131.200000000000
8.82100000000000
9.37500000000000
28510
103.800000000000
75.3700000000000
162
-45.6700000000000
148.300000000000
88.6700000000000
35.8600000000000
126.500000000000
153.200000000000
92.8600000000000
86.5500000000000
211.500000000000
131.200000000000
-29970
64.1500000000000
82.7700000000000
78.2400000000000
172.800000000000
205.700000000000
125.700000000000
163100
106.400000000000
72.1300000000000
15.1400000000000
135.100000000000
464.900000000000
184
74.2600000000000
-851.700000000000
72.3000000000000
90.1200000000000
147.500000000000
75.0400000000000
56.2400000000000
137.600000000000
154.300000000000
197.700000000000
111.100000000000
737.700000000000
205.300000000000
105.200000000000
77.2800000000000
270.700000000000
203.100000000000
-7470
163.500000000000
-74.9600000000000
76.1500000000000
130.500000000000
13.2700000000000
90.3700000000000
9.99900000000000
93.2800000000000
25050
27520
71.2900000000000
74.6900000000000
92.2100000000000
93.0700000000000
233.700000000000
145.200000000000
152.700000000000
131
135.300000000000
87.8900000000000
153900
8.70900000000000
57.9100000000000
77.3700000000000
63.6800000000000
92.5700000000000
107200
167200
11.8700000000000
76.1200000000000
253.400000000000
40490
154
126.900000000000
1539
190100
151.500000000000
127.200000000000
172.200000000000
248.800000000000
155.300000000000
102
164600
-28610
58.0300000000000
42550
107
13230
57010
72.3600000000000
107
113.800000000000
64230
196.100000000000
93.2700000000000
-1438
69.2000000000000
74.4900000000000
78.7700000000000
96.2600000000000
137.400000000000
76.5000000000000
166.600000000000
13.5700000000000
137.800000000000
120.600000000000
8986
128.800000000000
146500
190.400000000000
72.3700000000000
74.9300000000000
86.8400000000000
17320
36.5000000000000
161.100000000000
146
120
139.200000000000
157.100000000000
272.300000000000
153.900000000000
145.300000000000
70.8600000000000
81.1600000000000
555.900000000000
-99.8400000000000
132.900000000000
97.4900000000000
119.100000000000
147.500000000000
4589
-63910
92.7200000000000
16910
148.900000000000
307.700000000000
75.4600000000000
154.500000000000
108.600000000000
176.500000000000
72.5900000000000
187900
79.6200000000000
145.100000000000
-16570
73.2400000000000
19.5500000000000
162.400000000000
107600
72.4800000000000
97.2200000000000
153.200000000000
37690
132.800000000000
80
-21840
66.1200000000000
165.700000000000
144.400000000000
142.200000000000
99.8400000000000
141.700000000000
147.600000000000
151.500000000000
173.300000000000
142.900000000000
35.9800000000000
6.42800000000000
74.9900000000000
153.900000000000
156.100000000000
162.200000000000
140.300000000000
143.800000000000
145
185.800000000000
172100
143.600000000000
229.700000000000
120500
136
139.200000000000
84.8600000000000
69.9600000000000
126.600000000000
162.900000000000
140
-1.23600000000000
74.9500000000000
73.6300000000000
118.300000000000
15520
135.800000000000
53.9800000000000
145.600000000000
-30.0900000000000
155.400000000000
115.500000000000
124.500000000000
98.2100000000000
501900
-15030
149.400000000000
89.4600000000000
75.1100000000000
63840
-29320
112.600000000000
163.100000000000
33400
72.4500000000000
17.5500000000000
70.4400000000000
142
1105
-415
159.600000000000
-0.960100000000000
158.600000000000
74.1200000000000
90.6100000000000
160.800000000000
125
17.4000000000000
73.3300000000000
70.5400000000000
90.6800000000000
108200
149.600000000000
82.6700000000000
82.8700000000000
83.9700000000000
81.3400000000000
87.4300000000000
102.500000000000
2074
87.3900000000000
148.400000000000
189
62.5600000000000
20.4400000000000
139.600000000000
22560
94.9500000000000
95.8300000000000
109.200000000000
146.200000000000
142.400000000000
90.6200000000000
55.9800000000000
122.700000000000
129.300000000000
161.400000000000
-14940
149.900000000000
9.97400000000000
921.400000000000
96.4800000000000
-9.47800000000000
82.4200000000000
151.800000000000
520.600000000000
206.500000000000
165.200000000000
161.700000000000
7748
-7906
120.600000000000
-532.200000000000
10020
88.8100000000000
67.2400000000000
132
171.200000000000
141
62.1300000000000
138.300000000000
99.4000000000000
166.800000000000
136.900000000000
118.900000000000
79.7600000000000
69.1500000000000
80.3500000000000
68
122.700000000000
176.900000000000
65.4400000000000
272700
6261
11.8900000000000
191.700000000000
218.200000000000
127.400000000000
130.600000000000
306.700000000000
56
165.500000000000
16270
9.91500000000000
152.900000000000
155.700000000000
91010
160
48.6600000000000
68.4300000000000
-11930
153.700000000000
144.900000000000
-387.900000000000
439.400000000000
177.100000000000
2568
48.1500000000000
154.700000000000
12.8900000000000
106.700000000000
-61080
-29650
149
160
123.800000000000
50340
160.600000000000
11.9500000000000
75.2800000000000
73.2400000000000
45.4200000000000
154.200000000000
33.1700000000000
59.9600000000000
154.200000000000
16430
162.700000000000
36.8700000000000
162.800000000000
13880
-568
61.5300000000000
203.200000000000
66.6800000000000
130.900000000000
89.4000000000000
82.1600000000000
67.9200000000000
67.6200000000000
87.2100000000000
142.600000000000
66.6800000000000
68.9500000000000
69.6900000000000
1.64400000000000
162.100000000000
132.500000000000
102.100000000000
72.4400000000000
67.6700000000000
150.600000000000
255.100000000000
14580
132.900000000000
123.700000000000
170.900000000000
150.200000000000
15.4600000000000
-19.2200000000000
18930
55.6700000000000
13240
188200
162.400000000000
19.1900000000000
-0.837900000000000
132.400000000000
64.1300000000000
130.400000000000
20050
2.31400000000000
74.9600000000000
134.700000000000
18.8000000000000
142
162.700000000000
139.400000000000
58.8500000000000
47.1700000000000
134.700000000000
69.6800000000000
16.9600000000000
-53360
141.100000000000
87.0400000000000
134.600000000000
-2178
106.300000000000
80.5900000000000
114
132.200000000000
131
75.1400000000000
2238
113.500000000000
18.3300000000000
108.600000000000
-41430
140.700000000000
147.100000000000
64.7300000000000
95.4400000000000
66.2400000000000
148.400000000000
130.400000000000
261.400000000000
141.200000000000
153.800000000000
92.0100000000000
48890
221.800000000000
163.700000000000
146.100000000000
108200
147.500000000000
155.500000000000
156.600000000000
122
133.900000000000
72.1100000000000
147.700000000000
710.900000000000
148
159.600000000000
59.9100000000000
195.900000000000
146
84.3300000000000
10.1700000000000
157
156.300000000000
96.5100000000000
779.400000000000
81.3500000000000
130
137.400000000000
-7.82700000000000
33.2300000000000
143.200000000000
133.500000000000
174.300000000000
177.300000000000
202
206.900000000000
119.800000000000
135
9.98500000000000
152.300000000000
63.3500000000000
196500
154.400000000000
144
78.9000000000000
149.200000000000
10550
-64.6500000000000
129.300000000000
161.800000000000
215.800000000000
56.4100000000000
27670
165.800000000000
-114300
-572.100000000000
-57.2400000000000
81.2700000000000
18.1900000000000
110
129.400000000000
-7210
141.400000000000
46300
51.6400000000000
133.300000000000
-4.90400000000000
1083
3.22200000000000
141.600000000000
72.2800000000000
160.300000000000
-4.53400000000000
87.8000000000000
-1269
142.300000000000
233.300000000000
150.300000000000
137.500000000000
-93.0300000000000
68.4900000000000
173.100000000000
133.900000000000
128.100000000000
200.100000000000
-87210
25670
135.400000000000
8.63700000000000
-81.3800000000000
17.9700000000000
74.5000000000000
74.9200000000000
30670
102.100000000000
170.100000000000
8.29900000000000
122.300000000000
80.3200000000000
114
218.100000000000
145.200000000000
133.700000000000
56.6100000000000
165.100000000000
95.6000000000000
71.4200000000000
91.3600000000000
148.100000000000
102.900000000000
157.500000000000
123.100000000000
151.100000000000
144.300000000000
1791
148.100000000000
165.300000000000
62.2200000000000
213.300000000000
56.8000000000000
61.9300000000000
88.4100000000000
119300
170
78.5000000000000
13970
74.6900000000000
151.300000000000
120600
43.2500000000000
17550
130.700000000000
-1564
231
61.0200000000000
199.700000000000
103.100000000000
4.06800000000000
20940
-4196
134
147.700000000000
-10020
152.600000000000
34720
158
134
125700
146.600000000000
148.200000000000
142.800000000000
20760
132200
153
136.400000000000
-20.2700000000000
162.900000000000
155
86.9000000000000
56.2500000000000
58.9500000000000
-5.28600000000000
152.600000000000
144.700000000000
-37730
84.7900000000000
67.3700000000000
4.75600000000000
67.1700000000000
66.2000000000000
128
156.100000000000
133.700000000000
99440
131.100000000000
110.900000000000
166.500000000000
70.5800000000000
123600
2794
146.200000000000
122.900000000000
69.7700000000000
79.0300000000000
-5342
50.1400000000000
138.400000000000
96.9500000000000
9.20900000000000
147.500000000000
336
77.2900000000000
1834
-8.16600000000000
128.600000000000
152
77.4500000000000
162.800000000000
142.100000000000
166.800000000000
55.1200000000000
62.7000000000000
47.4200000000000
-207.700000000000
60.0900000000000
78.2100000000000
195.200000000000
86.1100000000000
131.700000000000
133.500000000000
7398
143.500000000000
48.0800000000000
100.800000000000
66.4900000000000
141700
73.4700000000000
10.0100000000000
149.300000000000
73.9600000000000
76.7200000000000
41.4700000000000
4.91800000000000
69.6500000000000
140.200000000000
79.9500000000000
58.7500000000000
-13630
-22080
86.4100000000000
128.700000000000
65.3900000000000
13.5800000000000
6036
47.9500000000000
93.1600000000000
87.4500000000000
116.400000000000
19.9900000000000
154.800000000000
50.6800000000000
133.600000000000
157.900000000000
74.8900000000000
145.800000000000
164.700000000000
135.800000000000
73.8300000000000
9.88700000000000
72.5700000000000
-44.7500000000000
-426.200000000000
81.9500000000000
22230
80.7200000000000
29.1200000000000
192
1172
4.43900000000000
29310
58.2000000000000
-19.4700000000000
63.0600000000000
64.6300000000000
164.200000000000
-6.07000000000000
133.500000000000
71.3000000000000
78.2200000000000
236.400000000000
55.8700000000000
-31.0700000000000
138.900000000000
157.200000000000
8848
85.4300000000000
260600
98.1500000000000
19470
85.5000000000000
58.0900000000000
148.100000000000
87.6300000000000
91.6400000000000
170.900000000000
74.8100000000000
143.100000000000
228400
1902
62.9700000000000
-95.4600000000000
115.300000000000
4556
146.800000000000
142.800000000000
-1068
119800
155.800000000000
140.500000000000
53.9500000000000
114.700000000000
160.700000000000
84.8400000000000
138
149.100000000000
-64730
12.3800000000000
141.700000000000
56.6900000000000
137.500000000000
76.6000000000000
3165
205
76.3000000000000
9.36400000000000
122.900000000000
61.2800000000000
-26420
158.400000000000
71.4900000000000
-9044
51.2400000000000
-12.0500000000000
145.500000000000
92.1700000000000
62.7100000000000
67.1500000000000
159
6205
144.300000000000
143.700000000000
166.400000000000
77.2000000000000
141.200000000000
5280
52620
63.5400000000000
24.2900000000000
70.4400000000000
78.2500000000000
-3317
173.300000000000
146.200000000000
184.100000000000
137.900000000000
137.800000000000
104.800000000000
1687
40.1100000000000
55.5900000000000
165.400000000000
3945
-27.6300000000000
-72.2100000000000
64.5900000000000
87.7900000000000
154600
71.5800000000000
-38100
4247
-185.800000000000
-23790
89.4100000000000
147
10.4100000000000
95.3800000000000
9.96600000000000
68.5000000000000
5181
79.2300000000000
12.3800000000000
101.300000000000
90.7800000000000
135.700000000000
-58.5500000000000
-457
2322
65.2100000000000
222
-19.1200000000000
33220
-122.200000000000
87.1400000000000
-45120
142.200000000000
100.600000000000
136.300000000000
158.800000000000
286.100000000000
138.100000000000
61.7600000000000
63.2700000000000
135.900000000000
-8.91600000000000
75.0600000000000
148.300000000000
61.7000000000000
140.600000000000
49.9500000000000
62.5500000000000
63.7800000000000
72.7500000000000
166.400000000000
95190
124.100000000000
144.900000000000
244.600000000000
143.600000000000
210.100000000000
30230
-252100
152.200000000000
-97.8200000000000
44050
7904
46.3500000000000
148.800000000000
36.8600000000000
86.9100000000000
128.600000000000
11.3400000000000
143.300000000000
34.2800000000000
150.300000000000
157.700000000000
133.400000000000
151.900000000000
70.4300000000000
-17.4600000000000
62.0500000000000
142.600000000000
58.2200000000000
90.8000000000000
131.500000000000
43.6200000000000
78.8500000000000
101.500000000000
136.200000000000
4.99100000000000
75.2400000000000
60.9200000000000
63.6200000000000
-118200
216.300000000000
31.4900000000000
120.900000000000
139.300000000000
79.4600000000000
81.0500000000000
38690
-14.3300000000000
133
2236
21.8200000000000
-19160
102.100000000000
77.3500000000000
18750
129.700000000000
185.900000000000
13.3200000000000
22.9300000000000
74.9300000000000
15.7600000000000
-138
150.800000000000
-9694
143.300000000000
139.500000000000
179.300000000000
16.9600000000000
140.300000000000
-1194
118.600000000000
-40.0400000000000
149.300000000000
95.2300000000000
160
144.400000000000
97.4000000000000
-12.0300000000000
141.800000000000
126.900000000000
73.5600000000000
164.300000000000
94.5500000000000
-30010
149.600000000000
-16850
-260.100000000000
-4.29000000000000
33.7500000000000
10.8300000000000
74.9900000000000
60.2200000000000
83990
142.300000000000
132.400000000000
18.3800000000000
138.400000000000
91.8900000000000
-93.4100000000000
-18960
116
235.100000000000
215
150.600000000000
157.100000000000
129.700000000000
-763.600000000000
72.1700000000000
74.8400000000000
16.4900000000000
5320
139
142.300000000000
142
116.400000000000
48.4900000000000
101.300000000000
147.400000000000
28.0900000000000
74.9600000000000
69.9800000000000
35.3000000000000
11.6700000000000
146.200000000000
33130
139.600000000000
36470
13.0600000000000
147.800000000000
154.900000000000
129.800000000000
124.400000000000
44670
81.9700000000000
-86490
125
65.3800000000000
163.300000000000
104.300000000000
155
73.8000000000000
-25550
70.4500000000000
-378.800000000000
74.1300000000000
102.200000000000
102.100000000000
9.11400000000000
187.700000000000
77.0500000000000
139.600000000000
126.900000000000
76.4400000000000
163.900000000000
28.1000000000000
-1.95100000000000
180.300000000000
-15400
57.2600000000000
157.600000000000
168
136.400000000000
96720
68.3800000000000
30.5800000000000
89.8800000000000
3960
129.600000000000
137.100000000000
23290
-29300
125.400000000000
133.800000000000
-163.100000000000
137
140.200000000000
2.92500000000000
151.100000000000
27210
70.1600000000000
76.3800000000000
253.100000000000
71110
152.400000000000
137.500000000000
132.400000000000
-43.0700000000000
0.0189600000000000
105
-370.400000000000
145.400000000000
-17.4700000000000
75
89.8200000000000
162.800000000000
147.600000000000
6.14900000000000
53.8700000000000
154.200000000000
81.8200000000000
87.6600000000000
14.2300000000000
-128300
126.800000000000
74.7700000000000
-117800
91.2600000000000
67.9900000000000
48870
136.400000000000
490.600000000000
364
97.4500000000000
68.3900000000000
54.0400000000000
133.100000000000
130.100000000000
74.9800000000000
382600
-11.8200000000000
136
13.4200000000000
70.6600000000000
127.500000000000
27.1800000000000
-0.901300000000000
98.9900000000000
-7865
157.500000000000
751.300000000000
2678
143.700000000000
74.9600000000000
157.200000000000
68.4000000000000
65.8000000000000
196.400000000000
66.6600000000000
164.300000000000
-4478
66.2500000000000
149.600000000000
69.2800000000000
146.300000000000
58.8400000000000
142400
162.600000000000
168.200000000000
58710
150
165.200000000000
117
153.200000000000
71.7200000000000
72.8300000000000
128.900000000000
70.9200000000000
90.7900000000000
136.100000000000
218.600000000000
194.900000000000
87.5300000000000
78.8800000000000
-41.6200000000000
80080
16.7000000000000
113.200000000000
113.500000000000
23410
144.600000000000
156500
-2162
94.8500000000000
320.200000000000
7.35500000000000
142.200000000000
145.800000000000
58340
151.700000000000
129.900000000000
218.300000000000
135.100000000000
5.10800000000000
80.3800000000000
147.700000000000
143.100000000000
-823
110.900000000000
100.300000000000
142.900000000000
92.3300000000000
127.300000000000
49.2200000000000
-5.07400000000000
74.3300000000000
145.300000000000
-4429
72.4300000000000
136.100000000000
53.1400000000000
172.800000000000
142.600000000000
86.5100000000000
114.800000000000
163.400000000000
129.900000000000
151.500000000000
138.700000000000
118.400000000000
147.500000000000
-51240
45.0800000000000
22720
12.0300000000000
-14.1200000000000
161.700000000000
143.100000000000
238.800000000000
182.900000000000
-5.02700000000000
78.1700000000000
139.400000000000
139.800000000000
71
537.300000000000
160.500000000000
79.0900000000000
82.1500000000000
72.5000000000000
80.5400000000000
96.3500000000000
48.2100000000000
133.800000000000
67.6700000000000
129500
151.200000000000
83.9500000000000
63.1700000000000
17.4700000000000
7.99300000000000
202.100000000000
137
-1275
74.5400000000000
129.500000000000
136.800000000000
81.3800000000000
64700
116.100000000000
64.1200000000000
66.5900000000000
47.7600000000000
68.9100000000000
112.800000000000
59.6000000000000
9566
143.200000000000
129.600000000000
118.800000000000
20.1500000000000
-35.4000000000000
83.6200000000000
91.7200000000000
138.700000000000
16.5200000000000
-7939
-6993
135.600000000000
1149
9692
133.400000000000
-480000
166
79.8000000000000
151.700000000000
-258.500000000000
62650
142.900000000000
148.200000000000
28.8000000000000
71.1400000000000
58.0700000000000
161.500000000000
146.300000000000
62.5000000000000
105.400000000000
67.8600000000000
74.8900000000000
72.5200000000000
8859
78.1300000000000
147.500000000000
76.7800000000000
161.200000000000
1.90100000000000
-7044
51.5300000000000
8.68500000000000
17.1200000000000
152.100000000000
42.9600000000000
96610
53.2200000000000
187.600000000000
59.1400000000000
157
155
-316.200000000000
46170
167
67.6100000000000
61.7400000000000
-1005
72.0100000000000
232.700000000000
67.3000000000000
146.400000000000
126.100000000000
-33.1600000000000
93.1600000000000
153.800000000000
260
33.1300000000000
25.4300000000000
80.8600000000000
-611.600000000000
142.800000000000
126.200000000000
150.200000000000
18.0100000000000
167.200000000000
163.100000000000
6883
9.75400000000000
20.9700000000000
-77.5300000000000
143.700000000000
129.500000000000
129.600000000000
154.200000000000
77.8200000000000
82.6900000000000
-748.900000000000
15820
-5449
73.3800000000000
184.700000000000
130.700000000000
152.500000000000
45.2200000000000
84.6600000000000
64.9900000000000
28.6400000000000
63.8500000000000
148
142.800000000000
133
22900
137
151.400000000000
118.300000000000
157.600000000000
139.600000000000
51.4300000000000
15.7800000000000
8.73900000000000
-9952
74.0300000000000
-5514
125.800000000000
76.4200000000000
173.800000000000
54.0500000000000
262.400000000000
17.8800000000000
14.4100000000000
-4176
46.2000000000000
81.4500000000000
151.300000000000
6.99500000000000
72.4700000000000
12.3500000000000
143.800000000000
146.100000000000
156.700000000000
141.400000000000
142.100000000000
47380
153.500000000000
50.2900000000000
76.8400000000000
42.7100000000000
137.100000000000
50230
137.600000000000
83.9300000000000
167.600000000000
142.100000000000
118.600000000000
4003
133.600000000000
126.700000000000
146.600000000000
-15.4600000000000
27.7200000000000
119.700000000000
240.400000000000
96.5300000000000
149.800000000000
184.100000000000
87.0700000000000
134.200000000000
171.400000000000
130
144.200000000000
91.7100000000000
61.7600000000000
31.2200000000000
170.300000000000
6145
82.7700000000000
73.3100000000000
91.2600000000000
4846
74.9800000000000
145.600000000000
2.79100000000000
1252
165.400000000000
30.2300000000000
9.45100000000000
83.2000000000000
75.0800000000000
162.200000000000
150.900000000000
113.300000000000
93.1900000000000
128.100000000000
136.400000000000
2091
-6187
105.300000000000
143.300000000000
63.6100000000000
11.1400000000000
76.8500000000000
156.200000000000
62.4000000000000
179.800000000000
104.300000000000
160.700000000000
372.400000000000
126.600000000000
40860
182300
92.0300000000000
58.6400000000000
384.100000000000
-113.800000000000
8.65000000000000
-211.400000000000
141.900000000000
74.0800000000000
4837
28.2500000000000
71.3100000000000
75.0800000000000
34.8100000000000
160.200000000000
73.6700000000000
131.800000000000
488.800000000000
152.300000000000
30.7200000000000
75.8100000000000
15.1700000000000
142.700000000000
105.700000000000
152.500000000000
141.700000000000
33180
142.600000000000
-163500
99.6200000000000
38790
28.6700000000000
20.9300000000000
45.5900000000000
68.8100000000000
131.900000000000
83.7500000000000
33550
138.100000000000
56.4400000000000
27.4400000000000
146.200000000000
168.300000000000
155.100000000000
78.5200000000000
82
76.5000000000000
1314
73.9500000000000
90.7500000000000
183.400000000000
150.900000000000
174
142.400000000000
31670
205.100000000000
137.100000000000
124.800000000000
102.300000000000
125.200000000000
117.400000000000
66.8800000000000
135.900000000000
31.8400000000000
133.700000000000
52.9600000000000
1607
39.6400000000000
89.7300000000000
138.200000000000
137.600000000000
112.100000000000
6.66400000000000
66.3200000000000
59.4600000000000
1948
58.3900000000000
80.4600000000000
6272
559.200000000000
92.9500000000000
100.400000000000
10.9500000000000
217.700000000000
76.1600000000000
133.500000000000
94.6200000000000
92.6300000000000
135.300000000000
141.600000000000
47.6200000000000
92.2800000000000
52.6100000000000
32700
135.500000000000
147.300000000000
147.200000000000
165.600000000000
171.300000000000
38140
31.2700000000000
77.9000000000000
2923
167.900000000000
63.1300000000000
49.4100000000000
47.7000000000000
146.400000000000
62.6300000000000
142
10960
100.600000000000
142.300000000000
55.1600000000000
29380
28.3200000000000
82.6400000000000
38300
187.600000000000
182.400000000000
60.2600000000000
-19.0600000000000
7.21200000000000
-297500
-41660
31
-7044
-13.8600000000000
-22530
147.800000000000
11260
183.600000000000
87.0100000000000
144.900000000000
118.500000000000
10.6000000000000
40490
-51.8300000000000
139.900000000000
44760
121.300000000000
82.4800000000000
-7.40700000000000
70.7900000000000
38.5500000000000
69.8200000000000
149.900000000000
73.6400000000000
32.1800000000000
38.9500000000000
83.0700000000000
74.9900000000000
814.600000000000
144.500000000000
260.100000000000
133.300000000000
-132
9.98600000000000
76.3300000000000
-44600
11920
152.400000000000
180.400000000000
79.7300000000000
170
-92.4800000000000
139.700000000000
86.8600000000000
74.8200000000000
64.9100000000000
78.2700000000000
141.700000000000
32.8300000000000
9.44400000000000
14.2000000000000
143.100000000000
62.1900000000000
-25.6100000000000
30.6000000000000
13.4100000000000
18.4400000000000
63.0400000000000
-2.65600000000000
94.2800000000000
116.400000000000
20.0600000000000
114.300000000000
17.2000000000000
148.400000000000
128.800000000000
15.6800000000000
64.8300000000000
218.700000000000
133.900000000000
9.66200000000000
9.49500000000000
17.2600000000000
158.900000000000
10.8800000000000
149
31.9900000000000
43.8500000000000
130.900000000000
73.4800000000000
73.1900000000000
131
84.6700000000000
41.6800000000000
152.500000000000
59.6900000000000
105.600000000000
143.600000000000
74.6900000000000
298.400000000000
136.200000000000
71.8800000000000
-3155
74.7300000000000
-3530
8.62400000000000
162.300000000000
163.500000000000
6.50000000000000
2923
-5124
-50730
103.700000000000
27.9800000000000
76.9700000000000
89.5400000000000
84.3700000000000
25230
22.2100000000000
191.100000000000
1905
86.7800000000000
137.500000000000
76.6800000000000
147.300000000000
81.0100000000000
73.3900000000000
137.800000000000
13570
95.9400000000000
25.8200000000000
104.900000000000
115.400000000000
22.2500000000000
-4191
84.7100000000000
143400
92.1400000000000
28.3600000000000
23.3500000000000
-223.100000000000
61.6400000000000
52.6400000000000
148.900000000000
155.200000000000
24680
27.1900000000000
4.76500000000000
34.3800000000000
6.30800000000000
137.700000000000
-210.900000000000
95.9200000000000
35.6500000000000
102.600000000000
79.0900000000000
18.1100000000000
165700
147.400000000000
66.5900000000000
145.100000000000
134.900000000000
76.5100000000000
64.2100000000000
210600
150.800000000000
155.400000000000
133
85
75.0500000000000
330.100000000000
72.3100000000000
-13290
74.9900000000000
23.1000000000000
19.3400000000000
137.400000000000
81.2300000000000
10.6000000000000
115.100000000000
50.1800000000000
77.1800000000000
69.8900000000000
2.27600000000000
66.4400000000000
80.7800000000000
84.9200000000000
16.2400000000000
65.6000000000000
-23.3500000000000
80.1200000000000
26.7300000000000
89.1300000000000
-81.1200000000000
-37960
74.1200000000000
-24.6600000000000
14.5300000000000
66.6000000000000
155700
-6.50100000000000
142
8.72200000000000
159.900000000000
46.4200000000000
48.3400000000000
75.2900000000000
21.7100000000000
131.300000000000
44.4000000000000
139.700000000000
136.200000000000
133.800000000000
-74.3700000000000
111.100000000000
137.200000000000
102.700000000000
33.1800000000000
154.600000000000
12.5700000000000
-204.100000000000
5399
-805.600000000000
217.400000000000
40.4400000000000
350.900000000000
-22.9900000000000
-162800
101.700000000000
-184.200000000000
143.300000000000
166.600000000000
134.200000000000
-144.600000000000
182.800000000000
196.100000000000
313.100000000000
186.200000000000
132
43.8100000000000
94.8200000000000
92.2400000000000
142.800000000000
59.5500000000000
13.3400000000000
134.300000000000
91.4500000000000
55.8300000000000
123.900000000000
81.2100000000000
128.400000000000
156.800000000000
42300
142.700000000000
-134.700000000000
136.100000000000
78.0700000000000
21.4600000000000
28730
48710
-48660
73.2200000000000
141.400000000000
53.1800000000000
97150
69.6900000000000
109.300000000000
67.2100000000000
4798
138.300000000000
340.400000000000
94.0500000000000
13.4000000000000
85.2300000000000
100.900000000000
123.300000000000
74.8800000000000
146.700000000000
130.400000000000
145.100000000000
231.700000000000
126.300000000000
121.300000000000
168.500000000000
126
133.500000000000
-3263
107.600000000000
106.600000000000
193.700000000000
76.9200000000000
66.2000000000000
100.500000000000
128.200000000000
151.100000000000
85.1100000000000
-88.6900000000000
122.500000000000
246.800000000000
156.500000000000
121.100000000000
116.100000000000
127.300000000000
92.6100000000000
211.900000000000
156.700000000000
127.900000000000
126.300000000000
4296
76.8300000000000
6776
-40.0700000000000
143.100000000000
113.700000000000
-901.900000000000
129.100000000000
25250
95.1000000000000
87.8700000000000
116.300000000000
90.8800000000000
65.0700000000000
141.500000000000
51.7600000000000
4.26800000000000
127.400000000000
72.2900000000000
13.6700000000000
-28210000
77.4400000000000
97.1400000000000
79.6100000000000
70.2700000000000
89.1700000000000
87.4400000000000
71.9700000000000
66.4400000000000
20.7300000000000
18380
26900
159.700000000000
161.100000000000
-60160
93.1600000000000
76.8800000000000
77.8900000000000
161.300000000000
5.35900000000000
-147800
35.9500000000000
65710
126.100000000000
9745
147.500000000000
219.400000000000
351.300000000000
7577
14930
144.300000000000
10.0200000000000
96.1900000000000
101.500000000000
-2.97700000000000
-42710
168.800000000000
137.300000000000
129.500000000000
78.8900000000000
215.200000000000
-39.3900000000000
123.600000000000
145.300000000000
45900
12.3200000000000
198.400000000000
56.1700000000000
-0.0312300000000000
194.200000000000
21730
112.800000000000
27.4400000000000
6604
92.3700000000000
123.600000000000
38.1000000000000
-105600
21.5500000000000
23.1300000000000
148
149.100000000000
4287
74.4800000000000
11.6700000000000
134.600000000000
153.700000000000
136.600000000000
-28530
41.3300000000000
43.9400000000000
66180
41690
-17.9300000000000
138.800000000000
19500
142.200000000000
-99380
141.300000000000
68.6500000000000
134.500000000000
9.62000000000000
12960
-148
45.4600000000000
259600
22.5400000000000
156
4721
-152.500000000000
-1917
-137.600000000000
59.8600000000000
119.500000000000
118.600000000000
63.9000000000000
87.5900000000000
124.200000000000
18.3100000000000
43.0100000000000
204.100000000000
156.200000000000
142.100000000000
9.72200000000000
-6.38300000000000
167.100000000000
-40.9200000000000
19.6300000000000
102.600000000000
28.3400000000000
75.9400000000000
114.800000000000
7.45100000000000
-6.98000000000000
48.3400000000000
88.7000000000000
194.400000000000
139.700000000000
139.600000000000
124.600000000000
-29.3100000000000
117.900000000000
122.400000000000
164200
25.4400000000000
85.8700000000000
-22.9600000000000
8.41500000000000
128.700000000000
125.400000000000
10.1800000000000
-19960
16.0400000000000
52510
27.8100000000000
33.0100000000000
72.3400000000000
153.900000000000
128.600000000000
8.67200000000000
16
90.4000000000000
-11.4700000000000
23.7200000000000
168.600000000000
-5337
18550
62.1900000000000
-4.79100000000000
5.06100000000000
129.200000000000
116.100000000000
124.900000000000
28.0500000000000
-1156
131.900000000000
-5.79500000000000
3.77100000000000
66.8700000000000
54.4700000000000
2.38900000000000
-32.6600000000000
82.3000000000000
114
8.33800000000000
19.3800000000000
64.5300000000000
8.36800000000000
7.84600000000000
7.83500000000000
17.5300000000000
22.2100000000000
32.7400000000000
-14.3800000000000
50.4900000000000
24.8000000000000
157
156.300000000000
96.5100000000000
779.400000000000
81.3500000000000
130
137.400000000000
-7.82700000000000
33.2300000000000
143.200000000000
133.500000000000
174.300000000000
177.300000000000
202
206.900000000000
119.800000000000
135
9.98500000000000
152.300000000000
63.3500000000000
196500
154.400000000000
144
78.9000000000000
149.200000000000
10550
-64.6500000000000
129.300000000000
161.800000000000
215.800000000000
56.4100000000000
27670
165.800000000000
-114300
-572.100000000000
-57.2400000000000
81.2700000000000
18.1900000000000
110
129.400000000000
-7210
141.400000000000
46300
51.6400000000000
133.300000000000
-4.90400000000000
1083
3.22200000000000
141.600000000000
72.2800000000000
160.300000000000
-4.53400000000000
87.8000000000000
-1269
142.300000000000
233.300000000000
150.300000000000
137.500000000000
-93.0300000000000
68.4900000000000
173.100000000000
133.900000000000
128.100000000000
200.100000000000
-87210
25670
135.400000000000
8.63700000000000
-81.3800000000000
17.9700000000000
74.5000000000000
74.9200000000000
30670
102.100000000000
170.100000000000
8.29900000000000
122.300000000000
80.3200000000000
114
218.100000000000
145.200000000000
133.700000000000
56.6100000000000
165.100000000000
95.6000000000000
71.4200000000000
91.3600000000000
148.100000000000
102.900000000000
157.500000000000
123.100000000000
151.100000000000
144.300000000000
1791
148.100000000000
165.300000000000
62.2200000000000
213.300000000000
56.8000000000000
61.9300000000000
88.4100000000000
119300
170
78.5000000000000
13970
74.6900000000000
151.300000000000
120600
43.2500000000000
17550
130.700000000000
-1564
231
61.0200000000000
199.700000000000
103.100000000000
4.06800000000000
20940
-4196
134
147.700000000000
-10020
152.600000000000
34720
158
134
125700
146.600000000000
148.200000000000
142.800000000000
20760
132200
153
136.400000000000
-20.2700000000000
162.900000000000
155
86.9000000000000
56.2500000000000
58.9500000000000
-5.28600000000000
152.600000000000
144.700000000000
-37730
84.7900000000000
67.3700000000000
4.75600000000000
67.1700000000000
66.2000000000000
128
156.100000000000
133.700000000000
99440
131.100000000000
110.900000000000
166.500000000000
70.5800000000000
123600
2794
146.200000000000
122.900000000000
69.7700000000000
79.0300000000000
-5342
50.1400000000000
138.400000000000
96.9500000000000
9.20900000000000
147.500000000000
336
77.2900000000000
1834
-8.16600000000000
128.600000000000
152
77.4500000000000
162.800000000000
142.100000000000
166.800000000000
55.1200000000000
62.7000000000000
47.4200000000000
-207.700000000000
60.0900000000000
78.2100000000000
195.200000000000
86.1100000000000
131.700000000000
133.500000000000
7398
143.500000000000
48.0800000000000
100.800000000000
66.4900000000000
141700
73.4700000000000
10.0100000000000
149.300000000000
73.9600000000000
76.7200000000000
41.4700000000000
4.91800000000000
69.6500000000000
140.200000000000
79.9500000000000
58.7500000000000
-13630
-22080
86.4100000000000
128.700000000000
65.3900000000000
13.5800000000000
6036
47.9500000000000
93.1600000000000
87.4500000000000
116.400000000000
19.9900000000000
154.800000000000
50.6800000000000
133.600000000000
157.900000000000
74.8900000000000
145.800000000000
164.700000000000
135.800000000000
73.8300000000000
9.88700000000000
72.5700000000000
-44.7500000000000
-426.200000000000
81.9500000000000
22230
80.7200000000000
29.1200000000000
192
1172
4.43900000000000
29310
58.2000000000000
-19.4700000000000
63.0600000000000
64.6300000000000
164.200000000000
-6.07000000000000
133.500000000000
71.3000000000000
78.2200000000000
236.400000000000
55.8700000000000
-31.0700000000000
138.900000000000
157.200000000000
8848
85.4300000000000
260600
98.1500000000000
19470
85.5000000000000
58.0900000000000
148.100000000000
87.6300000000000
91.6400000000000
170.900000000000
74.8100000000000
143.100000000000
228400
1902
62.9700000000000
-95.4600000000000
115.300000000000
4556
146.800000000000
142.800000000000
-1068
119800
155.800000000000
140.500000000000
53.9500000000000
114.700000000000
160.700000000000
84.8400000000000
138
149.100000000000
-64730
12.3800000000000
141.700000000000
56.6900000000000
137.500000000000
76.6000000000000
3165
205
76.3000000000000
9.36400000000000
122.900000000000
61.2800000000000
-26420
158.400000000000
71.4900000000000
-9044
51.2400000000000
-12.0500000000000
145.500000000000
92.1700000000000
62.7100000000000
67.1500000000000
159
6205
144.300000000000
143.700000000000
166.400000000000
77.2000000000000
141.200000000000
5280
52620
63.5400000000000
24.2900000000000
70.4400000000000
78.2500000000000
-3317
173.300000000000
146.200000000000
184.100000000000
137.900000000000
137.800000000000
104.800000000000
1687
40.1100000000000
55.5900000000000
165.400000000000
3945
-27.6300000000000
-72.2100000000000
64.5900000000000
87.7900000000000
154600
71.5800000000000
-38100
4247
-185.800000000000
-23790
89.4100000000000
147
10.4100000000000
95.3800000000000
9.96600000000000
68.5000000000000
5181
79.2300000000000
12.3800000000000
101.300000000000
90.7800000000000
135.700000000000
-58.5500000000000
-457
2322
65.2100000000000
222
-19.1200000000000
33220
-122.200000000000
87.1400000000000
-45120
142.200000000000
100.600000000000
136.300000000000
158.800000000000
286.100000000000
138.100000000000
61.7600000000000
63.2700000000000
135.900000000000
-8.91600000000000
75.0600000000000
148.300000000000
61.7000000000000
140.600000000000
49.9500000000000
62.5500000000000
63.7800000000000
72.7500000000000
166.400000000000
95190
124.100000000000
144.900000000000
244.600000000000
143.600000000000
210.100000000000
30230
-252100
152.200000000000
-97.8200000000000
44050
7904
46.3500000000000
148.800000000000
36.8600000000000
86.9100000000000
128.600000000000
11.3400000000000
143.300000000000
34.2800000000000
150.300000000000
157.700000000000
133.400000000000
151.900000000000
70.4300000000000
-17.4600000000000
62.0500000000000
142.600000000000
58.2200000000000
90.8000000000000
131.500000000000
43.6200000000000
78.8500000000000
101.500000000000
136.200000000000
4.99100000000000
75.2400000000000
60.9200000000000
63.6200000000000
-118200
216.300000000000
31.4900000000000
120.900000000000
139.300000000000
79.4600000000000
81.0500000000000
38690
-14.3300000000000
133
2236
21.8200000000000
-19160
102.100000000000
77.3500000000000
18750
129.700000000000
185.900000000000
13.3200000000000
22.9300000000000
74.9300000000000
15.7600000000000
-138
150.800000000000
-9694
143.300000000000
139.500000000000
179.300000000000
16.9600000000000
140.300000000000
-1194
118.600000000000
-40.0400000000000
149.300000000000
95.2300000000000
160
144.400000000000
97.4000000000000
-12.0300000000000
141.800000000000
126.900000000000
73.5600000000000
164.300000000000
94.5500000000000
-30010
149.600000000000
-16850
-260.100000000000
-4.29000000000000
33.7500000000000
10.8300000000000
74.9900000000000
60.2200000000000
83990
142.300000000000
132.400000000000
18.3800000000000
138.400000000000
91.8900000000000
-93.4100000000000
-18960
116
235.100000000000
215
150.600000000000
157.100000000000
129.700000000000
-763.600000000000
72.1700000000000
74.8400000000000
16.4900000000000
5320
139
142.300000000000
142
116.400000000000
48.4900000000000
101.300000000000
147.400000000000
28.0900000000000
74.9600000000000
69.9800000000000
35.3000000000000
11.6700000000000
146.200000000000
33130
139.600000000000
36470
13.0600000000000
147.800000000000
154.900000000000
129.800000000000
124.400000000000
44670
81.9700000000000
-86490
125
65.3800000000000
163.300000000000
104.300000000000
155
73.8000000000000
-25550
70.4500000000000
-378.800000000000
74.1300000000000
102.200000000000
102.100000000000
9.11400000000000
187.700000000000
77.0500000000000
139.600000000000
126.900000000000
76.4400000000000
163.900000000000
28.1000000000000
-1.95100000000000
180.300000000000
-15400
57.2600000000000
157.600000000000
168
136.400000000000
96720
68.3800000000000
30.5800000000000
89.8800000000000
3960
129.600000000000
137.100000000000
23290
-29300
125.400000000000
133.800000000000
-163.100000000000
137
140.200000000000
2.92500000000000
151.100000000000
27210
70.1600000000000
76.3800000000000
253.100000000000
71110
152.400000000000
137.500000000000
132.400000000000
-43.0700000000000
0.0189600000000000
105
-370.400000000000
145.400000000000
-17.4700000000000
75
89.8200000000000
162.800000000000
147.600000000000
6.14900000000000
53.8700000000000
154.200000000000
81.8200000000000
87.6600000000000
14.2300000000000
-128300
126.800000000000
74.7700000000000
-117800
91.2600000000000
67.9900000000000
48870
136.400000000000
490.600000000000
364
97.4500000000000
68.3900000000000
54.0400000000000
133.100000000000
130.100000000000
74.9800000000000
382600
-11.8200000000000
136
13.4200000000000
70.6600000000000
127.500000000000
27.1800000000000
-0.901300000000000
98.9900000000000
-7865
157.500000000000
751.300000000000
2678
143.700000000000
74.9600000000000
157.200000000000
68.4000000000000
65.8000000000000
196.400000000000
66.6600000000000
164.300000000000
-4478
66.2500000000000
149.600000000000
69.2800000000000
146.300000000000
58.8400000000000
142400
162.600000000000
168.200000000000
58710
150
165.200000000000
117
153.200000000000
71.7200000000000
72.8300000000000
128.900000000000
70.9200000000000
90.7900000000000
136.100000000000
218.600000000000
194.900000000000
87.5300000000000
78.8800000000000
-41.6200000000000
80080
16.7000000000000
113.200000000000
113.500000000000
23410
144.600000000000
156500
-2162
94.8500000000000
320.200000000000
7.35500000000000
142.200000000000
145.800000000000
58340
151.700000000000
129.900000000000
218.300000000000
135.100000000000
5.10800000000000
80.3800000000000
147.700000000000
143.100000000000
-823
110.900000000000
100.300000000000
142.900000000000
92.3300000000000
127.300000000000
49.2200000000000
-5.07400000000000
74.3300000000000
145.300000000000
-4429
72.4300000000000
136.100000000000
53.1400000000000
172.800000000000
142.600000000000
86.5100000000000
114.800000000000
163.400000000000
129.900000000000
151.500000000000
138.700000000000
118.400000000000
147.500000000000
-51240
45.0800000000000
22720
12.0300000000000
-14.1200000000000
161.700000000000
143.100000000000
238.800000000000
182.900000000000
-5.02700000000000
78.1700000000000
139.400000000000
139.800000000000
71
537.300000000000
160.500000000000
79.0900000000000
82.1500000000000
72.5000000000000
80.5400000000000
96.3500000000000
48.2100000000000
133.800000000000
67.6700000000000
129500
151.200000000000
83.9500000000000
63.1700000000000
17.4700000000000
7.99300000000000
202.100000000000
137
-1275
74.5400000000000
129.500000000000
136.800000000000
81.3800000000000
64700
116.100000000000
64.1200000000000
66.5900000000000
47.7600000000000
68.9100000000000
112.800000000000
59.6000000000000
9566
143.200000000000
129.600000000000
118.800000000000
20.1500000000000
-35.4000000000000
83.6200000000000
91.7200000000000
138.700000000000
16.5200000000000
-7939
-6993
135.600000000000
1149
9692
133.400000000000
-480000
166
79.8000000000000
151.700000000000
-258.500000000000
62650
142.900000000000
148.200000000000
28.8000000000000
71.1400000000000
58.0700000000000
161.500000000000
146.300000000000
62.5000000000000
105.400000000000
67.8600000000000
74.8900000000000
72.5200000000000
8859
78.1300000000000
147.500000000000
76.7800000000000
161.200000000000
1.90100000000000
-7044
51.5300000000000
8.68500000000000
17.1200000000000
152.100000000000
42.9600000000000
96610
53.2200000000000
187.600000000000
59.1400000000000
157
155
-316.200000000000
46170
167
67.6100000000000
61.7400000000000
-1005
72.0100000000000
232.700000000000
67.3000000000000
146.400000000000
126.100000000000
-33.1600000000000
93.1600000000000
153.800000000000
260
33.1300000000000
25.4300000000000
80.8600000000000
-611.600000000000
142.800000000000
126.200000000000
150.200000000000
18.0100000000000
167.200000000000
163.100000000000
6883
9.75400000000000
20.9700000000000
-77.5300000000000
143.700000000000
129.500000000000
129.600000000000
154.200000000000
77.8200000000000
82.6900000000000
-748.900000000000
15820
-5449
73.3800000000000
184.700000000000
130.700000000000
152.500000000000
45.2200000000000
84.6600000000000
64.9900000000000
28.6400000000000
63.8500000000000
148
142.800000000000
133
22900
137
151.400000000000
118.300000000000
157.600000000000
139.600000000000
51.4300000000000
15.7800000000000
8.73900000000000
-9952
74.0300000000000
-5514
125.800000000000
76.4200000000000
173.800000000000
54.0500000000000
262.400000000000
17.8800000000000
14.4100000000000
-4176
46.2000000000000
81.4500000000000
151.300000000000
6.99500000000000
72.4700000000000
12.3500000000000
143.800000000000
146.100000000000
156.700000000000
141.400000000000
142.100000000000
47380
153.500000000000
50.2900000000000
76.8400000000000
42.7100000000000
137.100000000000
50230
137.600000000000
83.9300000000000
167.600000000000
142.100000000000
118.600000000000
4003
133.600000000000
126.700000000000
146.600000000000
-15.4600000000000
27.7200000000000
119.700000000000
240.400000000000
96.5300000000000
149.800000000000
184.100000000000
87.0700000000000
134.200000000000
171.400000000000
130
144.200000000000
91.7100000000000
61.7600000000000
31.2200000000000
170.300000000000
6145
82.7700000000000
73.3100000000000
91.2600000000000
4846
74.9800000000000
145.600000000000
2.79100000000000
1252
165.400000000000
30.2300000000000
9.45100000000000
83.2000000000000
75.0800000000000
162.200000000000
150.900000000000
113.300000000000
93.1900000000000
128.100000000000
136.400000000000
2091
-6187
105.300000000000
143.300000000000
63.6100000000000
11.1400000000000
76.8500000000000
156.200000000000
62.4000000000000
179.800000000000
104.300000000000
160.700000000000
372.400000000000
126.600000000000
40860
182300
92.0300000000000
58.6400000000000
384.100000000000
-113.800000000000
8.65000000000000
-211.400000000000
141.900000000000
74.0800000000000
4837
28.2500000000000
71.3100000000000
75.0800000000000
34.8100000000000
160.200000000000
73.6700000000000
131.800000000000
488.800000000000
152.300000000000
30.7200000000000
75.8100000000000
15.1700000000000
142.700000000000
105.700000000000
152.500000000000
141.700000000000
33180
142.600000000000
-163500
99.6200000000000
38790
28.6700000000000
20.9300000000000
45.5900000000000
68.8100000000000
131.900000000000
83.7500000000000
33550
138.100000000000
56.4400000000000
27.4400000000000
146.200000000000
168.300000000000
155.100000000000
78.5200000000000
82
76.5000000000000
1314
73.9500000000000
90.7500000000000
183.400000000000
150.900000000000
174
142.400000000000
31670
205.100000000000
137.100000000000
124.800000000000
102.300000000000
125.200000000000
117.400000000000
66.8800000000000
135.900000000000
31.8400000000000
133.700000000000
52.9600000000000
1607
39.6400000000000
89.7300000000000
138.200000000000
137.600000000000
112.100000000000
6.66400000000000
66.3200000000000
59.4600000000000
1948
58.3900000000000
80.4600000000000
6272
559.200000000000
92.9500000000000
100.400000000000
10.9500000000000
217.700000000000
76.1600000000000
133.500000000000
94.6200000000000
92.6300000000000
135.300000000000
141.600000000000
47.6200000000000
92.2800000000000
52.6100000000000
32700
135.500000000000
147.300000000000
147.200000000000
165.600000000000
171.300000000000
38140
31.2700000000000
77.9000000000000
2923
167.900000000000
63.1300000000000
49.4100000000000
47.7000000000000
146.400000000000
62.6300000000000
142
10960
100.600000000000
142.300000000000
55.1600000000000
29380
28.3200000000000
82.6400000000000
38300
187.600000000000
182.400000000000
60.2600000000000
-19.0600000000000
7.21200000000000
-297500
-41660
31
-7044
-13.8600000000000
-22530
147.800000000000
11260
183.600000000000
87.0100000000000
144.900000000000
118.500000000000
10.6000000000000
40490
-51.8300000000000
139.900000000000
44760
121.300000000000
82.4800000000000
-7.40700000000000
70.7900000000000
38.5500000000000
69.8200000000000
149.900000000000
73.6400000000000
32.1800000000000
38.9500000000000
83.0700000000000
74.9900000000000
814.600000000000
144.500000000000
260.100000000000
133.300000000000
-132
9.98600000000000
76.3300000000000
-44600
11920
152.400000000000
180.400000000000
79.7300000000000
170
-92.4800000000000
139.700000000000
86.8600000000000
74.8200000000000
64.9100000000000
78.2700000000000
141.700000000000
32.8300000000000
9.44400000000000
14.2000000000000
143.100000000000
62.1900000000000
-25.6100000000000
30.6000000000000
13.4100000000000
18.4400000000000
63.0400000000000
-2.65600000000000
94.2800000000000
116.400000000000
20.0600000000000
114.300000000000
17.2000000000000
148.400000000000
128.800000000000
15.6800000000000
64.8300000000000
218.700000000000
133.900000000000
9.66200000000000
9.49500000000000
17.2600000000000
158.900000000000
10.8800000000000
149
31.9900000000000
43.8500000000000
130.900000000000
73.4800000000000
73.1900000000000
131
84.6700000000000
41.6800000000000
152.500000000000
59.6900000000000
105.600000000000
143.600000000000
74.6900000000000
298.400000000000
136.200000000000
71.8800000000000
-3155
74.7300000000000
-3530
8.62400000000000
162.300000000000
163.500000000000
6.50000000000000
2923
-5124
-50730
103.700000000000
27.9800000000000
76.9700000000000
89.5400000000000
84.3700000000000
25230
22.2100000000000
191.100000000000
1905
86.7800000000000
137.500000000000
76.6800000000000
147.300000000000
81.0100000000000
73.3900000000000
137.800000000000
13570
95.9400000000000
25.8200000000000
104.900000000000
115.400000000000
22.2500000000000
-4191
84.7100000000000
143400
92.1400000000000
28.3600000000000
23.3500000000000
-223.100000000000
61.6400000000000
52.6400000000000
148.900000000000
155.200000000000
24680
27.1900000000000
4.76500000000000
34.3800000000000
6.30800000000000
137.700000000000
-210.900000000000
95.9200000000000
35.6500000000000
102.600000000000
79.0900000000000
18.1100000000000
165700
147.400000000000
66.5900000000000
145.100000000000
134.900000000000
76.5100000000000
64.2100000000000
210600
150.800000000000
155.400000000000
133
85
75.0500000000000
330.100000000000
72.3100000000000
-13290
74.9900000000000
23.1000000000000
19.3400000000000
137.400000000000
81.2300000000000
10.6000000000000
115.100000000000
50.1800000000000
77.1800000000000
69.8900000000000
2.27600000000000
66.4400000000000
80.7800000000000
84.9200000000000
16.2400000000000
65.6000000000000
-23.3500000000000
80.1200000000000
26.7300000000000
89.1300000000000
-81.1200000000000
-37960
74.1200000000000
-24.6600000000000
14.5300000000000
66.6000000000000
155700
-6.50100000000000
142
8.72200000000000
159.900000000000
46.4200000000000
48.3400000000000
75.2900000000000
21.7100000000000
131.300000000000
44.4000000000000
139.700000000000
136.200000000000
133.800000000000
-74.3700000000000
111.100000000000
137.200000000000
102.700000000000
33.1800000000000
154.600000000000
12.5700000000000
-204.100000000000
5399
-805.600000000000
217.400000000000
40.4400000000000
350.900000000000
-22.9900000000000
-162800
101.700000000000
-184.200000000000
143.300000000000
166.600000000000
134.200000000000
-144.600000000000
182.800000000000
196.100000000000
313.100000000000
186.200000000000
132
43.8100000000000
94.8200000000000
92.2400000000000
142.800000000000
59.5500000000000
13.3400000000000
134.300000000000
91.4500000000000
55.8300000000000
123.900000000000
81.2100000000000
128.400000000000
156.800000000000
42300
142.700000000000
-134.700000000000
136.100000000000
78.0700000000000
21.4600000000000
28730
48710
-48660
73.2200000000000
141.400000000000
53.1800000000000
97150
69.6900000000000
109.300000000000
67.2100000000000
4798
138.300000000000
340.400000000000
94.0500000000000
13.4000000000000
85.2300000000000
100.900000000000
123.300000000000
74.8800000000000
146.700000000000
130.400000000000
145.100000000000
231.700000000000
126.300000000000
121.300000000000
168.500000000000
126
133.500000000000
-3263
107.600000000000
106.600000000000
193.700000000000
76.9200000000000
66.2000000000000
100.500000000000
128.200000000000
151.100000000000
85.1100000000000
-88.6900000000000
122.500000000000
246.800000000000
156.500000000000
121.100000000000
116.100000000000
127.300000000000
92.6100000000000
211.900000000000
156.700000000000
127.900000000000
126.300000000000
4296
76.8300000000000
6776
-40.0700000000000
143.100000000000
113.700000000000
-901.900000000000
129.100000000000
25250
95.1000000000000
87.8700000000000
116.300000000000
90.8800000000000
65.0700000000000
141.500000000000
51.7600000000000
4.26800000000000
127.400000000000
72.2900000000000
13.6700000000000
-28210000
77.4400000000000
97.1400000000000
79.6100000000000
70.2700000000000
89.1700000000000
87.4400000000000
71.9700000000000
66.4400000000000
20.7300000000000
18380
26900
159.700000000000
161.100000000000
-60160
93.1600000000000
76.8800000000000
77.8900000000000
161.300000000000
5.35900000000000
-147800
35.9500000000000
65710
126.100000000000
9745
147.500000000000
219.400000000000
351.300000000000
7577
14930
144.300000000000
10.0200000000000
96.1900000000000
101.500000000000
-2.97700000000000
-42710
168.800000000000
137.300000000000
129.500000000000
78.8900000000000
215.200000000000
-39.3900000000000
123.600000000000
145.300000000000
45900
12.3200000000000
198.400000000000
56.1700000000000
-0.0312300000000000
194.200000000000
21730
112.800000000000
27.4400000000000
6604
92.3700000000000
123.600000000000
38.1000000000000
-105600
21.5500000000000
23.1300000000000
148
149.100000000000
4287
74.4800000000000
11.6700000000000
134.600000000000
153.700000000000
136.600000000000
-28530
41.3300000000000
43.9400000000000
66180
41690
-17.9300000000000
138.800000000000
19500
142.200000000000
-99380
141.300000000000
68.6500000000000
134.500000000000
9.62000000000000
12960
-148
45.4600000000000
259600
22.5400000000000
156
4721
-152.500000000000
-1917
-137.600000000000
59.8600000000000
119.500000000000
118.600000000000
63.9000000000000
87.5900000000000
124.200000000000
18.3100000000000
43.0100000000000
204.100000000000
156.200000000000
142.100000000000
9.72200000000000
-6.38300000000000
167.100000000000
-40.9200000000000
19.6300000000000
102.600000000000
28.3400000000000
75.9400000000000
114.800000000000
7.45100000000000
-6.98000000000000
48.3400000000000
88.7000000000000
194.400000000000
139.700000000000
139.600000000000
124.600000000000
-29.3100000000000
117.900000000000
122.400000000000
164200
25.4400000000000
85.8700000000000
-22.9600000000000
8.41500000000000
128.700000000000
125.400000000000
10.1800000000000
-19960
16.0400000000000
52510
27.8100000000000
33.0100000000000
72.3400000000000
153.900000000000
128.600000000000
8.67200000000000
16
90.4000000000000
-11.4700000000000
23.7200000000000
168.600000000000
-5337
18550
62.1900000000000
-4.79100000000000
5.06100000000000
129.200000000000
116.100000000000
124.900000000000
28.0500000000000
-1156
131.900000000000
-5.79500000000000
3.77100000000000
66.8700000000000
54.4700000000000
2.38900000000000
-32.6600000000000
82.3000000000000
114
8.33800000000000
19.3800000000000
64.5300000000000
8.36800000000000
7.84600000000000
7.83500000000000
17.5300000000000
22.2100000000000
32.7400000000000
-14.3800000000000
50.4900000000000
24.8000000000000