18.2800000000000
17400
138.300000000000
22.3100000000000
10620
65
13.1400000000000
15.6600000000000
-72520
18.7900000000000
25.8000000000000
31.7800000000000
-18020
9591
21340
27.8600000000000
29.3600000000000
15.7500000000000
32
11230
9.56200000000000
50.3700000000000
3.83200000000000
22.5000000000000
11.9400000000000
22.8600000000000
46.4500000000000
1.66500000000000
19.0500000000000
33.1600000000000
10610
29.8900000000000
32.8900000000000
12.9200000000000
13850
13.7000000000000
7.71000000000000
-562000
27.9700000000000
2059
8.44000000000000
-55.9700000000000
-8.32200000000000
25.7200000000000
-12.7700000000000
-19.5300000000000
47.7400000000000
516
-13770
33.9000000000000
9.55800000000000
12.0100000000000
10.9100000000000
-30.8900000000000
7.84500000000000
-11360
59.9600000000000
14.8300000000000
-126200
10.4200000000000
14.2800000000000
3.38400000000000
19590
8.64700000000000
9.56100000000000
24.9400000000000
14.0100000000000
43610
3187
36.7200000000000
27.8400000000000
-19720
-31.0600000000000
9.34500000000000
42.6900000000000
5.81900000000000
10.3800000000000
10.1700000000000
-3333
-200.400000000000
-8.69600000000000
26.4500000000000
-16.9600000000000
66.4300000000000
15.1500000000000
24.2800000000000
21.6200000000000
28.5300000000000
15.4400000000000
8.86500000000000
9491
17.0800000000000
-46.6800000000000
11760
29.0900000000000
12.7300000000000
33.2500000000000
29.5400000000000
15.2600000000000
59.0900000000000
19.4300000000000
9.00600000000000
2791
47.2300000000000
714.600000000000
35.9600000000000
28.5800000000000
17.1800000000000
26.2000000000000
17.8800000000000
15.0400000000000
30.3200000000000
11.6700000000000
16.6400000000000
28110
3.20100000000000
-3.81700000000000
9.16600000000000
14.9900000000000
79.3900000000000
9.53200000000000
58.4700000000000
22.3300000000000
12650
35.1200000000000
82.7800000000000
23.0300000000000
19.9900000000000
2458
6.86100000000000
19.2900000000000
8255
17.8300000000000
40.6000000000000
-44060
51.3600000000000
31.5700000000000
4.95500000000000
62.5500000000000
2.69800000000000
29.8300000000000
38.9800000000000
-3230
23390
265.800000000000
1328
0.985300000000000
9.76100000000000
29020
11.8800000000000
19.0900000000000
24.3800000000000
43.2800000000000
5703
-60350
-130.500000000000
-2.58400000000000
45550
5.54500000000000
-76.6200000000000
13660
17.1200000000000
73830
17.7100000000000
84.0300000000000
91.8300000000000
18.2100000000000
54.1200000000000
67.1200000000000
16350
9.53800000000000
13110
16.1600000000000
29.5100000000000
27.6400000000000
3717000
-83.1300000000000
4.39100000000000
35.2200000000000
31.8000000000000
14210
54820
48.7600000000000
84.7100000000000
21.6900000000000
15.4600000000000
17.1000000000000
-7.21000000000000
26.6600000000000
-7495
242
26.1600000000000
-50200
18020
30.9100000000000
-1.52000000000000
-17.3000000000000
35.0600000000000
19460
21.8300000000000
18.9100000000000
16.2300000000000
66.7700000000000
61.7200000000000
53.8900000000000
-244400
9106
92080
15.6100000000000
16830
8.39200000000000
-38370
48.6600000000000
19.1600000000000
5.04300000000000
-4.36300000000000
17.8300000000000
21.6800000000000
236100
23.8700000000000
23.6800000000000
13.1800000000000
23.9800000000000
15.1800000000000
28
0.360700000000000
15
29.1600000000000
8.95800000000000
6.03100000000000
21.2200000000000
-40960
34.2700000000000
-26.1800000000000
21.3000000000000
12.8600000000000
24.9200000000000
61.7800000000000
4634
13.1300000000000
48340
28.3400000000000
-6.63400000000000
17.0300000000000
-8.41000000000000
16.8100000000000
-208
14.5600000000000
10.5200000000000
2.57000000000000
58120
22.2400000000000
38010
1.23000000000000
6.47100000000000
-51.7800000000000
21.1800000000000
1.70200000000000
9.98500000000000
25.9500000000000
9009
36410
-0.646000000000000
44.7300000000000
26.1100000000000
14.9600000000000
-17.8100000000000
-32.6700000000000
402.100000000000
42.2000000000000
11.5500000000000
9.98500000000000
6178
20.5500000000000
19.6600000000000
3.73700000000000
19.1100000000000
13.2700000000000
119.500000000000
15.7000000000000
74.6700000000000
14.4200000000000
-13.0200000000000
109.400000000000
55.6300000000000
15.0500000000000
40.3100000000000
11.4200000000000
19.5900000000000
24.8900000000000
-8831
55.6300000000000
15.3100000000000
-49.5800000000000
16.8000000000000
48.3000000000000
-6078
13.7900000000000
69.3600000000000
18.5900000000000
-2.32400000000000
21.0700000000000
39.4100000000000
-1128
38.7100000000000
23.1100000000000
40.0300000000000
18.6900000000000
26.8300000000000
-1.90500000000000
4.50600000000000
16.3400000000000
2495
15.3100000000000
-10060
20.3700000000000
22.3400000000000
8.88800000000000
6.58500000000000
2.35000000000000
14.9900000000000
10980
-13.8000000000000
-16.0400000000000
78250
16.5700000000000
245.400000000000
25.4400000000000
10.5800000000000
29.3300000000000
-22.9300000000000
24.5600000000000
21.5100000000000
4.84700000000000
6975
38720
57.7900000000000
65.7800000000000
14.5700000000000
73.6000000000000
13.4600000000000
-1.96800000000000
22.6500000000000
540
20
5495
39.6900000000000
-1092
-4.51500000000000
1.83600000000000
55300
15840
11720
18.6200000000000
12.0900000000000
0.794600000000000
-1.70900000000000
34.5600000000000
-0.876800000000000
39.8400000000000
-300700
16.2300000000000
6906
4.59500000000000
-6.09400000000000
11.3300000000000
12.9500000000000
13360
9.52600000000000
-1.42700000000000
25.1900000000000
-40.5400000000000
35500
413.300000000000
12.3100000000000
26.1700000000000
14.1900000000000
25.7400000000000
10.9500000000000
4.09100000000000
7.66000000000000
-36.9400000000000
28.5600000000000
28.6400000000000
-13.5000000000000
14.3400000000000
-27.5100000000000
52.7700000000000
-3.51400000000000
1.02500000000000
7.84500000000000
101.300000000000
40.6800000000000
16.6100000000000
23.9900000000000
16220
16.7000000000000
-528.300000000000
25
5.28300000000000
15.7000000000000
14680
45.1400000000000
3.81800000000000
81.1500000000000
8734
12.2900000000000
15.0100000000000
30.5400000000000
-9.32200000000000
24.6300000000000
6.56100000000000
-10220
24.4600000000000
12.1700000000000
0.273900000000000
19.0800000000000
17630
33.2500000000000
-25040
14.9700000000000
127700
-3.76600000000000
37.4200000000000
19.7800000000000
19.4700000000000
32.3600000000000
13.1100000000000
-3.71000000000000
14.9900000000000
6350
26.2500000000000
32.7700000000000
14.6100000000000
-13.8800000000000
28.9500000000000
15.0800000000000
15.6700000000000
84.2200000000000
14.2400000000000
1.43900000000000
40040
38.8000000000000
7.84500000000000
-24.2900000000000
17.9300000000000
19.8900000000000
12.9600000000000
-16.6200000000000
17300
15.1200000000000
-39.8000000000000
-4.16100000000000
14.6100000000000
24.9800000000000
-63.7600000000000
157.800000000000
15.5400000000000
58780
-8.52500000000000
-5061
11.1400000000000
235.600000000000
30.1900000000000
21.8000000000000
10.7900000000000
1.47400000000000
3.57300000000000
47.4700000000000
-45360
-1475
16.4400000000000
73.7900000000000
56270
9.43900000000000
12.1400000000000
565.500000000000
13.3900000000000
13.0100000000000
35.2700000000000
26.8800000000000
23.1700000000000
-4013
43540
15
-19270
8.18300000000000
1.00500000000000
-3.59300000000000
28.2400000000000
15.3200000000000
0.623000000000000
15.0700000000000
80150
-87880
738
12.7400000000000
29.0200000000000
53.6300000000000
6.18300000000000
-1.69400000000000
-4682
46.0900000000000
4.99900000000000
139.500000000000
59.1700000000000
26.0700000000000
42.8900000000000
13.8800000000000
13.5000000000000
81.1200000000000
15.0100000000000
-7.79700000000000
15.0800000000000
14.9000000000000
15.0300000000000
111.500000000000
222.500000000000
8.64100000000000
2.47800000000000
24.9200000000000
15280
0.162800000000000
27580
42.8900000000000
32.4500000000000
36.3200000000000
95.5100000000000
37.3900000000000
12.2200000000000
-4.68800000000000
40.8200000000000
-27.9100000000000
41.2800000000000
26.3500000000000
-71650
23.5000000000000
-8.03100000000000
15.5000000000000
20.7300000000000
-34220
32.1200000000000
15080
-53.6400000000000
-15.7300000000000
45.6100000000000
37.5900000000000
111.100000000000
19.7200000000000
-26470
41.6700000000000
13.7600000000000
31.7000000000000
22.8000000000000
15.0100000000000
20.7400000000000
26010
14.7400000000000
16.3600000000000
22.0400000000000
18.8500000000000
-39.7300000000000
45.8600000000000
29.4200000000000
16.4900000000000
1.11700000000000
8.47800000000000
15.2000000000000
1555
17980
41.3500000000000
42.8600000000000
380.700000000000
4.97200000000000
28.2500000000000
40.4200000000000
27.3700000000000
15.8300000000000
-4429
44.0600000000000
21.4600000000000
18.9700000000000
31.2000000000000
-18050
-6044
21.3500000000000
-44860
36.8200000000000
12900
10.0600000000000
14.9700000000000
794.300000000000
18.5100000000000
26.6300000000000
29.4900000000000
23.0900000000000
74.3000000000000
5850
-28270
13.9400000000000
15.5600000000000
-53680
0.483400000000000
27620
-34.4100000000000
18.7400000000000
6.59200000000000
7.40800000000000
15080
-24810
2.18900000000000
25.2500000000000
0.621800000000000
28.8300000000000
-14.4400000000000
8.00400000000000
62.8100000000000
27.6700000000000
15.0100000000000
20.4600000000000
4.89900000000000
1.88700000000000
21.3200000000000
15.1400000000000
28.8700000000000
-12.0900000000000
48.0300000000000
14.8200000000000
8.00300000000000
3323
14.1800000000000
18.7100000000000
20.6600000000000
38.5000000000000
8838
14.0300000000000
-4.39100000000000
9.27100000000000
68880
32.2600000000000
1.36200000000000
31.4800000000000
-136.300000000000
5.98100000000000
1.79700000000000
17.4300000000000
34240
31.3100000000000
57.7500000000000
20.9500000000000
15.0100000000000
14440
160.800000000000
29.9300000000000
42.6700000000000
-127
22.6800000000000
3.81000000000000
8899
5.57800000000000
-47.0800000000000
13.7900000000000
33.6900000000000
37.9400000000000
16.5000000000000
-0.0866400000000000
44.6700000000000
42.4900000000000
-10380
16.0900000000000
19
-135.100000000000
71.1300000000000
-9.88600000000000
-43730
13.8900000000000
6.12400000000000
33.0200000000000
-0.267500000000000
12.8300000000000
161900
13550
9.65700000000000
-65210
33.0300000000000
25.4000000000000
11.2300000000000
15.2700000000000
4.57600000000000
-132.800000000000
1.99800000000000
33.4800000000000
21.6200000000000
14.7800000000000
10.4200000000000
39.5300000000000
28.8100000000000
41.3500000000000
1.34800000000000
1195
27.2200000000000
19.6700000000000
8360
17.0300000000000
20.9400000000000
34.0800000000000
2.57900000000000
-371.100000000000
1.96300000000000
1.82700000000000
-2867
21.0700000000000
41.4500000000000
1146
47.0300000000000
47.1000000000000
13.7100000000000
4.29000000000000
-210000
30.9000000000000
0.569700000000000
2.74500000000000
14.5200000000000
13.3500000000000
18.6400000000000
-26.6000000000000
-313400
15.0100000000000
5.58800000000000
-212
15
-8.61800000000000
7.38400000000000
31.9500000000000
25.1900000000000
33.4100000000000
26.0600000000000
48.8900000000000
1423
18.4200000000000
807.600000000000
22.8600000000000
-6.89400000000000
9254
31.9200000000000
32.3700000000000
21.0900000000000
-39400
30890
14350
18.1100000000000
-102.200000000000
11820
37.2900000000000
31200
157.100000000000
-2322
1.91900000000000
1570
38.1100000000000
29.0800000000000
24.3800000000000
24.7600000000000
943.400000000000
14.8000000000000
-27.1900000000000
-9804
15990
4835
25.2600000000000
20.2400000000000
14.2500000000000
16760
7.42800000000000
2.67600000000000
30810
-127.800000000000
-0.527800000000000
15.9900000000000
41.6500000000000
3.67700000000000
32.5100000000000
8.87500000000000
21.2600000000000
21.9500000000000
1.21300000000000
22.3100000000000
14.6400000000000
28940
50.2000000000000
29.0900000000000
13.7900000000000
57.0900000000000
10320
16.5100000000000
14.7700000000000
14.4300000000000
174.100000000000
3.61000000000000
32.7400000000000
88.6500000000000
19.1100000000000
23.2700000000000
-45.2200000000000
13.3600000000000
24.8500000000000
44.2400000000000
-26600
14.1500000000000
10.7500000000000
3.72400000000000
7.35700000000000
87.7800000000000
35.2400000000000
86960
5.87000000000000
11.7900000000000
30.5600000000000
30.2300000000000
-6.93100000000000
18.5000000000000
12.4600000000000
-68.1400000000000
9.14900000000000
57.1800000000000
23.1700000000000
15
-15.5100000000000
27.9300000000000
3.41400000000000
6.33400000000000
7.82600000000000
-4505
38.3800000000000
-3.24600000000000
30.2400000000000
-988.600000000000
-74.6000000000000
10930
29.2700000000000
-13.8800000000000
14.5200000000000
46.8400000000000
-15.6600000000000
29.4600000000000
4.97400000000000
8.15400000000000
70280
30890
9.61200000000000
14.8100000000000
-2.90800000000000
36.3700000000000
83.2900000000000
20.3400000000000
19.2500000000000
146.900000000000
95.1800000000000
19.0100000000000
77950
24.2300000000000
15.8300000000000
-4.29700000000000
16.1500000000000
11.8200000000000
-93.0600000000000
56740
22.2800000000000
15.7800000000000
-54.1000000000000
18170
25.3900000000000
107
-2358
186000
7.96000000000000
3.73000000000000
-0.232100000000000
-11.3000000000000
17.9000000000000
71.0200000000000
7409
2080
-37.0900000000000
-34640
27.5800000000000
5171
11950
14.5400000000000
278.200000000000
37.6200000000000
13410
14.8000000000000
41.9800000000000
-1335
12.6800000000000
15.0900000000000
8.55500000000000
48.8300000000000
14.9300000000000
16.3900000000000
3.93600000000000
22.2700000000000
43.4400000000000
271.800000000000
-19270
20.2500000000000
12430
51.6300000000000
-4.80300000000000
41.4900000000000
30.3800000000000
-21600
28.6700000000000
660.400000000000
46.3400000000000
13.0500000000000
18.5500000000000
2.70700000000000
-80.6700000000000
17.5900000000000
51.3700000000000
14.8500000000000
26.2900000000000
1551
-21.8800000000000
35.9900000000000
24.5200000000000
39.9500000000000
27.9100000000000
10840
25810
28.2700000000000
12530
21.6700000000000
56.9500000000000
14.1800000000000
20.2200000000000
5.88500000000000
66.8100000000000
-0.983400000000000
52110
34.8100000000000
57.2300000000000
-42240
9.62800000000000
6.88500000000000
22.9000000000000
61470
15.3400000000000
25.6200000000000
24.9900000000000
377.300000000000
38.2800000000000
3.76100000000000
-52800
-27.6100000000000
28.7500000000000
4.70600000000000
55.7600000000000
14.4600000000000
51.0700000000000
20.9800000000000
17.8800000000000
15.8800000000000
17.5800000000000
-24.9700000000000
32.3300000000000
15.0300000000000
18.9800000000000
42.3200000000000
33.0300000000000
17.7000000000000
24.5600000000000
25.8700000000000
47.8700000000000
52580
26.4500000000000
14.4200000000000
-158100
29.2400000000000
18.5500000000000
10.8800000000000
16.8600000000000
14.1800000000000
15.1700000000000
16.0800000000000
20.0300000000000
14.9500000000000
15.7200000000000
10.5800000000000
-11540
43.6900000000000
6.59000000000000
3.31800000000000
-6.90700000000000
22.6600000000000
-46.4300000000000
30.7100000000000
23.2000000000000
-416700
13240
14.1200000000000
14.9800000000000
14.5200000000000
48420
-20330
6.89800000000000
7.99300000000000
18500
15.0200000000000
-1.27500000000000
-11.3000000000000
7.12300000000000
-8512
1442
11
0.0804000000000000
10.1100000000000
14.9600000000000
26.5500000000000
-115.800000000000
89.1400000000000
17.3500000000000
65.2700000000000
39.8400000000000
12.5100000000000
165000
15.9100000000000
-8.60400000000000
18.7500000000000
4.94400000000000
10.6300000000000
39.6900000000000
98.4200000000000
-4228
-5.26500000000000
22.5300000000000
84.7800000000000
57.1000000000000
41.4900000000000
46.3000000000000
-1253
44.8000000000000
16.3500000000000
20.0200000000000
21.5800000000000
25.1000000000000
66.2600000000000
42.2100000000000
49.5500000000000
85.2200000000000
7.08000000000000
-19770
22
4.97500000000000
-124.200000000000
-0.791300000000000
33.0600000000000
-5.45400000000000
3.43700000000000
430.400000000000
-423.400000000000
10.9700000000000
-4.64200000000000
-11500
-28460
27.4100000000000
190.400000000000
31390
182.300000000000
15.2800000000000
18.5300000000000
58.1600000000000
26.9700000000000
15.5100000000000
39.9000000000000
-0.588500000000000
28.7400000000000
13.9600000000000
14.8800000000000
10.7700000000000
5.24800000000000
49.2300000000000
9.52200000000000
23.7700000000000
-15.7000000000000
15.4300000000000
10660
4066
4.53900000000000
3.96200000000000
-28.4500000000000
-33.5200000000000
27.0100000000000
85.9000000000000
62.8900000000000
-1.68400000000000
2851
3.85400000000000
12.7800000000000
31.2700000000000
21000
21.8300000000000
15.2800000000000
9.41200000000000
36300
-5.45200000000000
28.6900000000000
-1641
722.100000000000
17.5700000000000
-2589
34.9200000000000
2.80800000000000
-313
17.6700000000000
99940
-48610
21.9200000000000
21.8300000000000
25.6100000000000
41700
11.1400000000000
26.9100000000000
14.9000000000000
14.0400000000000
4.46500000000000
23.3200000000000
29.7100000000000
11.5400000000000
23.3200000000000
-5912
34.0200000000000
11.3300000000000
22.1400000000000
3237
81.2400000000000
7.43100000000000
165.500000000000
7.37200000000000
-9.03000000000000
27.6700000000000
13.3000000000000
14.2600000000000
12.4100000000000
10.7400000000000
25.2000000000000
13.8500000000000
-1.30600000000000
-228.700000000000
10.6900000000000
29.2800000000000
29.0300000000000
9.17900000000000
30.6600000000000
21.9900000000000
18.8400000000000
33.1200000000000
45930
16.6200000000000
1.54600000000000
28.4000000000000
21.0200000000000
-20.9600000000000
21.8700000000000
10670
32.7200000000000
-15300
195100
9.70100000000000
-146.900000000000
-9.24600000000000
37.2400000000000
13.0700000000000
12.3500000000000
38790
-11.6100000000000
14.9800000000000
26.8900000000000
6.54100000000000
25.0200000000000
25.7500000000000
29.7500000000000
15.1800000000000
-28.0600000000000
27.2900000000000
6.50500000000000
-3.63200000000000
22310
-20.6600000000000
6.27800000000000
41.2600000000000
1169
26.6900000000000
26.6600000000000
17.8500000000000
33.3400000000000
22.8100000000000
15.5600000000000
455.500000000000
38.5900000000000
-40.0200000000000
-79.4000000000000
-435700
32.6300000000000
22.3700000000000
44.1000000000000
50.6700000000000
18.4900000000000
50.6200000000000
29.7500000000000
-1.36800000000000
17.0400000000000
23.0900000000000
-6.36500000000000
-785
-16.8700000000000
-0.998500000000000
22.4500000000000
203200
19.2600000000000
8.11600000000000
12.8000000000000
18.8900000000000
33.7600000000000
41.7400000000000
21.4400000000000
607.500000000000
-5.47700000000000
24.6500000000000
40.2200000000000
44.0600000000000
2.86000000000000
4.44700000000000
-10.7000000000000
3.45400000000000
6.01500000000000
80.0700000000000
-2736
10.2700000000000
36.7100000000000
0.480100000000000
39.6500000000000
25.1600000000000
20.9500000000000
28.8700000000000
47.2800000000000
12.1400000000000
32.6100000000000
-12.0400000000000
21.3300000000000
10.2800000000000
4.98500000000000
11.2000000000000
17.4700000000000
64530
28.6300000000000
1.83100000000000
13.0200000000000
19.9100000000000
16400
-36.3900000000000
8.69900000000000
39.9700000000000
2.63500000000000
-3.00400000000000
11200
28.8700000000000
-41640
418
-13.7600000000000
10.6000000000000
7.79500000000000
42.6200000000000
18.3300000000000
23560
25.9300000000000
8041
37.7200000000000
9.52500000000000
14.5800000000000
-124.600000000000
3.12000000000000
5.20300000000000
-44.8900000000000
13.5600000000000
1.22900000000000
8.48400000000000
6838
34.5300000000000
-3.57700000000000
8.35800000000000
16.5200000000000
74.7900000000000
13.2900000000000
16.2900000000000
0.0341400000000000
36.3000000000000
2.05000000000000
8044
6401
34.5200000000000
9.95800000000000
-32.5000000000000
22.9200000000000
14.8900000000000
5.47900000000000
12770
19.6700000000000
63.0700000000000
-5.80200000000000
15.7900000000000
22.6100000000000
18.3200000000000
10.8100000000000
41.1300000000000
21.9600000000000
13.7200000000000
-10
13.9200000000000
12.0500000000000
14.1900000000000
9.47700000000000
18.8000000000000
16.5000000000000
-6.78100000000000
6.62300000000000
63.0300000000000
927.200000000000
20.6700000000000
9.13500000000000
2.47600000000000
5.53000000000000
-0.0682800000000000
20
48.4700000000000
24610
18.5100000000000
-6.79500000000000
10440
15.1300000000000
19.6600000000000
12730
38.8800000000000
-2416
19.9100000000000
2786
17.4500000000000
-6.19700000000000
50.9300000000000
13.8400000000000
26.5100000000000
10970
1847
29.3900000000000
27.4700000000000
-6706
11.2900000000000
29320
-22.1700000000000
123.900000000000
45320
23.0500000000000
26.5200000000000
20.4300000000000
614.400000000000
57210
34.0900000000000
3.36000000000000
0.938900000000000
19.7400000000000
-15.0900000000000
9.74900000000000
6.66700000000000
15.9600000000000
4.60500000000000
3.18400000000000
-65.0500000000000
16770
13.5700000000000
25.2200000000000
-18.8000000000000
10.9000000000000
11.3400000000000
22.1000000000000
220.200000000000
10.6300000000000
18920
29.8200000000000
-11.2000000000000
6.62600000000000
37.4500000000000
-49710
1835
21.0700000000000
71.1000000000000
15.2400000000000
13.5600000000000
6145
-15.4500000000000
-1.25800000000000
-71.2600000000000
33.6200000000000
19.6300000000000
-28.9700000000000
11.6900000000000
-7777
148.400000000000
-3.78000000000000
23.3700000000000
16.4800000000000
17.5400000000000
25.1200000000000
13.4200000000000
17.6300000000000
46.9200000000000
-27.2900000000000
-88.9100000000000
14.1200000000000
7.41900000000000
9.38700000000000
12.9800000000000
20.3500000000000
12.1800000000000
11310
19.3800000000000
-0.0683600000000000
14.5300000000000
16.4300000000000
-1392
11.6800000000000
4.94000000000000
17.8100000000000
6.66700000000000
14.3400000000000
-8.35300000000000
-54.7300000000000
28.4000000000000
36.1800000000000
37.5100000000000
-19.5800000000000
-44700
34230
5.30200000000000
30.5000000000000
12.2400000000000
-8.85900000000000
-62750
-11.2300000000000
23.5400000000000
28.7200000000000
30.5900000000000
29.8900000000000
11.7900000000000
-3.58900000000000
22.7700000000000
80.9000000000000
14.9300000000000
24.7000000000000
3.08900000000000
70.7200000000000
8.18600000000000
25.0900000000000
28.4800000000000
32.3800000000000
-4739
13.3700000000000
64900
22.8000000000000
30.3500000000000
-71.1300000000000
-2465
14.1300000000000
-30420
87.4500000000000
10.1200000000000
17.4500000000000
-2.44400000000000
29.2600000000000
-14.2900000000000
17.3800000000000
13.2100000000000
16.3300000000000
621.100000000000
17.0500000000000
-18.8700000000000
16.5500000000000
18.6100000000000
6608
5.61100000000000
93920
-29.3800000000000
-26930
15.1000000000000
16.3100000000000
21.6700000000000
-3.50500000000000
40.2600000000000
32.3500000000000
-0.798200000000000
35.1700000000000
93600
1972
6.78000000000000
-23.6000000000000
17220
4093
48.2900000000000
6.72400000000000
3470
82140
3.24900000000000
10.1100000000000
15.5200000000000
13
18.0500000000000
-10.7300000000000
20.3300000000000
20.5000000000000
-56230
22.9200000000000
22.3800000000000
4.29600000000000
92.6500000000000
6.82900000000000
-15690
-12.3500000000000
14.7700000000000
-95.4600000000000
11.0100000000000
15.9800000000000
44440
5.64000000000000
14.6500000000000
3668
20.1400000000000
10.2100000000000
12.3100000000000
-3.89000000000000
18.5000000000000
15.4500000000000
26.9900000000000
-7052
16.0700000000000
23.8200000000000
39.8500000000000
14.4800000000000
23.7800000000000
-5539
-53150
30.6300000000000
24.2000000000000
19.7700000000000
14.9000000000000
57410
0.316900000000000
21.5500000000000
19.3500000000000
6.52700000000000
18.3900000000000
28.9800000000000
18390
35.2400000000000
-6.52300000000000
4.98500000000000
-728.900000000000
393.200000000000
54.6300000000000
4.13800000000000
30.2600000000000
5628
21.8500000000000
20290
27220
311.700000000000
31830
12.7000000000000
54.5000000000000
3.07700000000000
16.7700000000000
5.00100000000000
30.2100000000000
5263
12.2900000000000
53.9900000000000
92.4100000000000
15.0400000000000
35.0300000000000
-23.7800000000000
-33.2000000000000
2280
13.6800000000000
30.2900000000000
9.83600000000000
-19100
6.45800000000000
6.31600000000000
-5501
15.8000000000000
203.500000000000
16
13.4000000000000
68.6700000000000
35.4200000000000
20.9000000000000
4.43600000000000
28.3200000000000
-15.0600000000000
12.8600000000000
11.5300000000000
100.300000000000
15.6000000000000
14.4600000000000
-5.82900000000000
-11.3800000000000
14.9800000000000
56.9900000000000
62030
5.86300000000000
21.4700000000000
169.500000000000
33.3400000000000
2.39400000000000
11480
199500
22.9200000000000
-58.0600000000000
-4346
-1494
37.1000000000000
16.2800000000000
31.4500000000000
24.0400000000000
5.44700000000000
3.52600000000000
27.4500000000000
39.9100000000000
24.5200000000000
298.400000000000
31.0100000000000
18
-4.49200000000000
-6.92500000000000
-5.31200000000000
17.4000000000000
-8.78500000000000
27.4400000000000
2.71900000000000
12.8000000000000
16.9200000000000
101.400000000000
14.3800000000000
17.1200000000000
19.3100000000000
-4.90100000000000
4.72900000000000
82400
28.0900000000000
6.65800000000000
50.2900000000000
23.5400000000000
15.3100000000000
76.3900000000000
117200
11.7800000000000
32.7700000000000
-5658
-3.64400000000000
-68970
-71.0700000000000
30.0200000000000
56300
58.7500000000000
-3.35600000000000
26.0600000000000
10.4700000000000
14.9900000000000
12.8100000000000
86.6200000000000
26.2500000000000
-15310
7.50000000000000
8.49600000000000
22.1800000000000
-5.81400000000000
13.9500000000000
-6049
18.1500000000000
7.22300000000000
12.3800000000000
30.2900000000000
5.26000000000000
27.5400000000000
63.8300000000000
-3.95700000000000
40.0300000000000
39.8300000000000
-15.4100000000000
44.9500000000000
53.5200000000000
13430
27.5500000000000
-26530
-70.1700000000000
0.563100000000000
-137.600000000000
-2.96100000000000
15.0200000000000
-7.87000000000000
55190
14.0700000000000
20.2200000000000
-4.81100000000000
44.0500000000000
23.9600000000000
-20.5900000000000
21700
34.5700000000000
112.100000000000
1.99600000000000
13.2600000000000
2.70700000000000
15.7700000000000
-1237
40.9300000000000
-9.13100000000000
-36.6100000000000
-6306
26.7000000000000
32.6500000000000
25.0600000000000
25.9200000000000
14.8900000000000
-24.2600000000000
24.2100000000000
26.2100000000000
15.0100000000000
32.6000000000000
-27.5100000000000
24.8700000000000
16.9300000000000
-19290
17.8500000000000
25350
-31.6500000000000
39.7500000000000
27.0500000000000
34.0300000000000
22.9300000000000
14030
18.9800000000000
2940
35.0700000000000
-174
1.26300000000000
2.95800000000000
6.65300000000000
-58.9000000000000
-328.500000000000
14.1400000000000
1080
16.4900000000000
32.0900000000000
-1711
-0.528700000000000
82.9400000000000
23.5400000000000
31.1700000000000
25.3200000000000
38.0300000000000
18.4500000000000
28.1300000000000
-53.8900000000000
9.91000000000000
28740
-1.42300000000000
9.15100000000000
13.6400000000000
19.1800000000000
9463
29.4300000000000
4.85500000000000
-2.71100000000000
9095
30.2400000000000
43.8700000000000
5350
-85990
65.5000000000000
9.19800000000000
30.6700000000000
39.4000000000000
30.1600000000000
10.7800000000000
27.5500000000000
24110
19.8200000000000
14.3200000000000
-2152
9204
23.4500000000000
25.6200000000000
33.3300000000000
-49.1300000000000
14.2900000000000
28.2100000000000
-2870
24.7100000000000
8.42100000000000
15.0100000000000
1.74900000000000
17.6900000000000
28.1600000000000
3.28200000000000
17.3500000000000
3.14100000000000
3.39100000000000
-12.7100000000000
-10.8600000000000
163100
27.6800000000000
15.7600000000000
113000
1.40400000000000
22.6000000000000
10710
29.6500000000000
52.2800000000000
27.8900000000000
24.3900000000000
15.2700000000000
0.331700000000000
21.1200000000000
152.900000000000
15.0100000000000
388000
-17760
9.60800000000000
-9.38400000000000
23.4500000000000
1.05400000000000
-8.70400000000000
-18.6200000000000
13.0300000000000
-22750
18.2800000000000
959.300000000000
-2350
-58.0300000000000
15
29.1200000000000
14.8700000000000
22.4600000000000
3.85900000000000
10.2300000000000
15.7800000000000
-7074
-5.02600000000000
-48
11.1500000000000
-1.86000000000000
21.7300000000000
31900
17.7600000000000
185
-4714
14.9900000000000
2.94000000000000
-29.1100000000000
16.8900000000000
10.8700000000000
44.0600000000000
23.1200000000000
8.01700000000000
3.12700000000000
17.9700000000000
8.89700000000000
17.0300000000000
-57.6700000000000
1.60800000000000
198.400000000000
-21830
-18.4900000000000
68.1100000000000
38.6200000000000
7677
10.6500000000000
52120
7629
38.9200000000000
110.700000000000
-5.26700000000000
34.4200000000000
8.25600000000000
-35720
17.5100000000000
29.4100000000000
13.6100000000000
37.6700000000000
-0.426300000000000
14.4700000000000
23.3900000000000
24.3900000000000
-1320
39.2100000000000
17.4000000000000
9.98100000000000
18.2800000000000
22.6600000000000
11.7600000000000
16.6600000000000
11.7900000000000
9.78600000000000
25900
-0.582700000000000
5.87900000000000
-90.1900000000000
29.1500000000000
266.400000000000
4.32300000000000
29.2800000000000
46.3400000000000
1.85300000000000
17.6600000000000
34.7300000000000
35.1700000000000
21.9800000000000
55250
9.45300000000000
13300
24.3300000000000
-135.500000000000
14.8700000000000
8.05800000000000
60.5300000000000
36.3000000000000
5.97800000000000
15.6500000000000
27.9100000000000
20.7400000000000
37.1800000000000
-3662
51.3800000000000
14.2500000000000
18.6600000000000
32.6300000000000
13.4600000000000
27.6000000000000
23.7900000000000
71.6900000000000
31.7500000000000
3746
22.8600000000000
10.4200000000000
-12.4700000000000
-15.9400000000000
-46.7600000000000
76.6000000000000
16.7400000000000
460.700000000000
15.0300000000000
23.0500000000000
4.76900000000000
5.77600000000000
6716
26
0.779000000000000
1.62700000000000
101.500000000000
10.8900000000000
27.6100000000000
15.2100000000000
7780
22.3500000000000
6.90300000000000
44.7200000000000
21.4800000000000
228.200000000000
28.7300000000000
48.6800000000000
8.65300000000000
-8.18100000000000
-3970
4913
33.4900000000000
535.700000000000
25120
18.1400000000000
-551500
24.6700000000000
2.02300000000000
17.5100000000000
389.900000000000
17590
30.4600000000000
5.54400000000000
18.2000000000000
7.33000000000000
55.4100000000000
4.97100000000000
22.6200000000000
15
47.4500000000000
14.4000000000000
11.7700000000000
18.0400000000000
-20500
14.7100000000000
24.5900000000000
14.6900000000000
30.2200000000000
-42.2900000000000
-7903
19.3900000000000
25.7500000000000
11.5200000000000
6.53200000000000
40.3600000000000
3259
12.8800000000000
-9.20800000000000
7.07000000000000
23.5700000000000
60.7400000000000
-2337
701.900000000000
-54.2000000000000
29.5000000000000
12
863.800000000000
24.9100000000000
34.7400000000000
29.6500000000000
10.9700000000000
32.2700000000000
152.100000000000
12.4700000000000
30.0800000000000
142.800000000000
4.99400000000000
4.76900000000000
-19.3600000000000
1856
22.1800000000000
28.6400000000000
29.9500000000000
-18.2600000000000
3.33400000000000
21.0700000000000
203.800000000000
27.8200000000000
-14.5700000000000
235.500000000000
24.6700000000000
20
34.5100000000000
24.9100000000000
-2.05800000000000
6.25100000000000
-517.200000000000
-2487
1502
15.1100000000000
10.1800000000000
34.8600000000000
27.3700000000000
2.58900000000000
22.7500000000000
-3.59500000000000
-13.0500000000000
-6.36300000000000
24.3800000000000
18.9400000000000
38.2000000000000
17470
27.6900000000000
12.3200000000000
-1.21200000000000
32.8000000000000
20.8400000000000
2.16500000000000
-15.8800000000000
20.1700000000000
9086
14.8500000000000
13490
22.3400000000000
-1.40300000000000
12.3700000000000
6.61800000000000
259.300000000000
11.0100000000000
-5.43500000000000
-8002
-0.0331700000000000
25.2900000000000
3.06800000000000
3.31300000000000
17.9300000000000
-71.1500000000000
23.0400000000000
31.9300000000000
31.1500000000000
25.4700000000000
25.0900000000000
41050
12.3900000000000
53.4100000000000
15.3100000000000
11.4400000000000
27.7800000000000
4787
107.600000000000
15.0200000000000
-41.0300000000000
25.0600000000000
-328.600000000000
19860
25.2100000000000
24.3100000000000
26.9400000000000
84.1000000000000
5.30500000000000
11.0400000000000
-149
5.55000000000000
-6.80700000000000
-59.6000000000000
-11.0500000000000
18.2100000000000
71.3700000000000
16.7200000000000
22.0500000000000
15.7300000000000
-11.6000000000000
19.1900000000000
16.3700000000000
3039
14.8200000000000
14.8400000000000
40.6100000000000
16110
14.9700000000000
17.0600000000000
-29.5000000000000
2008
5.15600000000000
1.56200000000000
-0.0405600000000000
-0.860300000000000
44.9200000000000
-22.4000000000000
11.4000000000000
20.5800000000000
26.3900000000000
18.5400000000000
37.2900000000000
9018
18420
15.6800000000000
4.92500000000000
23.4500000000000
-16.7700000000000
5.18400000000000
65.4400000000000
24.3900000000000
74.7900000000000
3.79700000000000
2.06100000000000
27.6200000000000
33.8000000000000
27550
174200
8.79200000000000
-13.6000000000000
3.50900000000000
89.2400000000000
2.02100000000000
-13870
17.2800000000000
13.9800000000000
-6203
-21.1600000000000
16.9400000000000
14.9800000000000
50.7000000000000
14.4200000000000
23.8600000000000
47.2600000000000
502.400000000000
15.7100000000000
-70
-6.57100000000000
-26.1700000000000
5.92500000000000
13.8300000000000
13.0800000000000
-33.0100000000000
-61860
24.0200000000000
-19960
22.9700000000000
14020
70.4000000000000
25.7700000000000
22.9100000000000
13.6600000000000
34.6000000000000
10.6600000000000
10390
5.99700000000000
7.65100000000000
-2.10500000000000
21.5500000000000
28.4000000000000
53.9900000000000
7.12000000000000
8.27100000000000
13.9900000000000
1425
10.3100000000000
32.5000000000000
3.88700000000000
56.9800000000000
-0.343500000000000
34.9100000000000
15950
16.6000000000000
15.1800000000000
25.6400000000000
19.6200000000000
16.4300000000000
4.39700000000000
68.3200000000000
24.5000000000000
-4.01600000000000
7.15300000000000
4.56500000000000
2785
19.1000000000000
14.4300000000000
26.8100000000000
7.53900000000000
28.2600000000000
10.8300000000000
21.3200000000000
-13.7100000000000
614.300000000000
13.1900000000000
40.1800000000000
4139
-921.500000000000
18.5900000000000
13.0600000000000
146.500000000000
41.4200000000000
-7.97400000000000
35.9300000000000
57.5000000000000
35.3500000000000
17.5800000000000
26.3100000000000
69.4300000000000
12.5500000000000
51.5000000000000
4394
46.6500000000000
23.4900000000000
19.2500000000000
17.2600000000000
344.600000000000
-20290
14.8500000000000
15.9400000000000
-5239
44.3200000000000
16.3400000000000
-13.0300000000000
36.3000000000000
23.5300000000000
-28.4400000000000
33.1700000000000
1110
18.9800000000000
19.6300000000000
-5.75500000000000
21610
36.8700000000000
-7.94000000000000
4495
-1.31600000000000
-1.20000000000000
11.6600000000000
-55.1600000000000
23.0200000000000
78840
18350
-25.2400000000000
-16220
201.800000000000
-14180
13.0400000000000
7269
-3321
73.3700000000000
12.9100000000000
16.6000000000000
25.3800000000000
13470
109.900000000000
6.86900000000000
39830
26.4700000000000
13.0600000000000
-43.1800000000000
0.238500000000000
11.0900000000000
28.2000000000000
-14.4900000000000
8.05200000000000
28.4300000000000
15.1300000000000
6.19500000000000
14.9900000000000
2849
27.0800000000000
16.8900000000000
29.8000000000000
-43.2600000000000
25.0300000000000
15.1400000000000
20040
100000
53.5900000000000
24.6800000000000
52.2800000000000
1.97700000000000
22.0300000000000
42.9700000000000
17.8300000000000
13.7500000000000
10.5800000000000
43.7900000000000
6.18100000000000
24.6600000000000
28.6900000000000
-31.5400000000000
21.8000000000000
-14.1600000000000
15.9900000000000
8.10100000000000
-72.6400000000000
-2.09800000000000
34.2600000000000
-23.3000000000000
25.4200000000000
24.7400000000000
-114.700000000000
24.3200000000000
-3.49000000000000
70.5800000000000
22.8400000000000
-9.17800000000000
18.0500000000000
24.5400000000000
-33.1400000000000
4.54600000000000
-4.28500000000000
-50.6500000000000
3.34700000000000
26
17.8600000000000
118.200000000000
8.33700000000000
26.1500000000000
15.1200000000000
15.4300000000000
34.4700000000000
44.2600000000000
9.32700000000000
21.8700000000000
15.2400000000000
17.9300000000000
22.9100000000000
15.8100000000000
64.0600000000000
17.9000000000000
13.0700000000000
8159
42.7300000000000
-7333
-252.600000000000
22.9600000000000
18.6000000000000
-6.43000000000000
3842
-22810
86210
24.0300000000000
-48.9900000000000
-20.3900000000000
23.6000000000000
10.0200000000000
23780
-18.1000000000000
-74.8400000000000
500.100000000000
1.06100000000000
18.6400000000000
20.3000000000000
12.0400000000000
29.0400000000000
12.2300000000000
30.5900000000000
7530
24.1000000000000
-45.8300000000000
7.97200000000000
19.1000000000000
49.1700000000000
-5847
15.6800000000000
74620
27.5200000000000
-41.6300000000000
7.41400000000000
79.7800000000000
-7.71900000000000
20.2300000000000
12.9900000000000
74.9200000000000
36470
-73.4500000000000
16.2600000000000
-10.8500000000000
67.7900000000000
32.3700000000000
-226.900000000000
13.5400000000000
35.6300000000000
16.8100000000000
-5.24800000000000
-41.0300000000000
-48330
39.5600000000000
9.65800000000000
29.8900000000000
7.11200000000000
14.9700000000000
50.2900000000000
38440
-1.97000000000000
40.9200000000000
9.15700000000000
22.7100000000000
14.8700000000000
483.900000000000
-9.70000000000000
34080
14.9900000000000
-45.2600000000000
19.2000000000000
68.7300000000000
17.2400000000000
21.7800000000000
36.3900000000000
15.3700000000000
-9.08800000000000
6.10500000000000
2.81300000000000
4.76800000000000
30.6800000000000
34.3000000000000
26.0600000000000
13
-16.6400000000000
34.0900000000000
82.5200000000000
-0.883500000000000
-172.900000000000
-55190
8.16700000000000
-14
-86.1400000000000
13.3000000000000
-57990
-22.0500000000000
25.0500000000000
25.0300000000000
-9.43200000000000
-1.14200000000000
3.80700000000000
14.9800000000000
19.1800000000000
14.4500000000000
6.00400000000000
28.4900000000000
45.3300000000000
21.4500000000000
-9.45200000000000
28.7500000000000
27.3200000000000
27.7100000000000
-4.22800000000000
19.9700000000000
-23.6700000000000
41.9000000000000
1186
-1088
-83.1700000000000
15.8600000000000
2068
-135
-77850
19.9100000000000
41.0400000000000
23.8700000000000
10.8400000000000
52.0700000000000
-243.900000000000
16.3900000000000
75.3700000000000
160.900000000000
6.72500000000000
32.6000000000000
37.8700000000000
30.4700000000000
56.0500000000000
20.1800000000000
13.1700000000000
-3.35300000000000
7.48900000000000
14.4000000000000
15.6100000000000
45.2000000000000
2.94800000000000
35.4000000000000
13.3200000000000
13070
18.6300000000000
104.900000000000
17.7200000000000
12.2000000000000
1.63800000000000
103500
9000
-49650
-74.9200000000000
31.0500000000000
27.1700000000000
-536800
14.5300000000000
34.5100000000000
-22.7600000000000
9492
24.7900000000000
111.200000000000
41.3800000000000
1.17200000000000
17.6700000000000
13.9500000000000
17.8600000000000
13.2400000000000
59.3400000000000
-32.5700000000000
-36.7500000000000
339.200000000000
40.5500000000000
11.2000000000000
-11.4300000000000
1.97100000000000
126.100000000000
6176
6.39000000000000
55.0100000000000
180.200000000000
14.9400000000000
13.0800000000000
15.4300000000000
38.8700000000000
195.700000000000
20.4000000000000
-261.400000000000
11.5200000000000
-69.2000000000000
50.1700000000000
116.700000000000
117.400000000000
12.9200000000000
45.7500000000000
8.16100000000000
71.1400000000000
80.9000000000000
92.8000000000000
1420
33.4500000000000
-8441
1.46600000000000
45.8300000000000
-10.5400000000000
3550
110.500000000000
-31130
12.1100000000000
18.8700000000000
0.851700000000000
30.8200000000000
30.7300000000000
36.7900000000000
-383.300000000000
29.9300000000000
35.5700000000000
38.5500000000000
32
-26940000
34.9000000000000
16.2700000000000
24.9500000000000
16.7600000000000
27.9400000000000
19.7600000000000
87.8800000000000
11.3800000000000
-112.600000000000
29150
-27940
4.65600000000000
302.600000000000
-91330
14.6700000000000
11.8700000000000
15.3400000000000
19.8200000000000
-10.3900000000000
-62320
8.25300000000000
-66090
-104.400000000000
6327
33.7500000000000
334.400000000000
90.0800000000000
-10720
-43150
33.0200000000000
3.06800000000000
46.0900000000000
16.5500000000000
-2.62100000000000
91410
22.9600000000000
-2.51200000000000
5.54700000000000
8.09000000000000
55.2000000000000
-35.3500000000000
38.5100000000000
11.1600000000000
-36490
4.13000000000000
57.6300000000000
24.8500000000000
-133.300000000000
-32.9600000000000
19310
8.70000000000000
27.6600000000000
-13570
19.5900000000000
-1881
14.0200000000000
-13020
-1.22700000000000
9.31700000000000
-7.36800000000000
-3.82600000000000
-1687
42.3100000000000
15.0600000000000
45.1400000000000
77.1000000000000
-15.7200000000000
-19450
23.7500000000000
6.54200000000000
7948
-22380
-57.3000000000000
24.1300000000000
-11120
33.2100000000000
132100
18.0800000000000
17.5900000000000
5.89000000000000
-20.7500000000000
28000
368.600000000000
30.9800000000000
181400
-23.5000000000000
49.9300000000000
20160
283.300000000000
-25800
335.800000000000
64.1300000000000
31.9600000000000
0.461700000000000
32.3500000000000
20.4300000000000
17.2300000000000
2.53600000000000
9.58900000000000
92.8200000000000
3.56100000000000
7.07800000000000
8.45500000000000
3.38800000000000
47.5000000000000
-63.6100000000000
14.9200000000000
17.1300000000000
5.99700000000000
15.0800000000000
22.2600000000000
2.55100000000000
-33.3600000000000
-20.3300000000000
64.2800000000000
25.2400000000000
29.0200000000000
29.1900000000000
118.600000000000
-5.53800000000000
24.3900000000000
202.500000000000
39270
21.6200000000000
4.49800000000000
-11.1300000000000
8.10400000000000
39.8900000000000
-40.3400000000000
20.3400000000000
-4266
11.5900000000000
-29760
-3.42000000000000
14.5800000000000
30.0700000000000
-6.86600000000000
49.8200000000000
4.71500000000000
46.7000000000000
10.4900000000000
40.5700000000000
421.900000000000
72.3900000000000
-10910
-7795
5.78800000000000
-18.8200000000000
-3.72100000000000
-7.79000000000000
69.8200000000000
20.2900000000000
6.05000000000000
-528.900000000000
-0.861400000000000
-9.71800000000000
-16.3600000000000
22.8300000000000
-9.15600000000000
-32.3800000000000
-104.300000000000
36
32.1700000000000
-14.7800000000000
1.28000000000000
4.78800000000000
25.4300000000000
-11.8700000000000
31.4700000000000
12.2100000000000
-133.800000000000
20.8400000000000
13.0300000000000
8.51000000000000
4.69000000000000
3.45400000000000
6.01500000000000
80.0700000000000
-2736
10.2700000000000
36.7100000000000
0.480100000000000
39.6500000000000
25.1600000000000
20.9500000000000
28.8700000000000
47.2800000000000
12.1400000000000
32.6100000000000
-12.0400000000000
21.3300000000000
10.2800000000000
4.98500000000000
11.2000000000000
17.4700000000000
64530
28.6300000000000
1.83100000000000
13.0200000000000
19.9100000000000
16400
-36.3900000000000
8.69900000000000
39.9700000000000
2.63500000000000
-3.00400000000000
11200
28.8700000000000
-41640
418
-13.7600000000000
10.6000000000000
7.79500000000000
42.6200000000000
18.3300000000000
23560
25.9300000000000
8041
37.7200000000000
9.52500000000000
14.5800000000000
-124.600000000000
3.12000000000000
5.20300000000000
-44.8900000000000
13.5600000000000
1.22900000000000
8.48400000000000
6838
34.5300000000000
-3.57700000000000
8.35800000000000
16.5200000000000
74.7900000000000
13.2900000000000
16.2900000000000
0.0341400000000000
36.3000000000000
2.05000000000000
8044
6401
34.5200000000000
9.95800000000000
-32.5000000000000
22.9200000000000
14.8900000000000
5.47900000000000
12770
19.6700000000000
63.0700000000000
-5.80200000000000
15.7900000000000
22.6100000000000
18.3200000000000
10.8100000000000
41.1300000000000
21.9600000000000
13.7200000000000
-10
13.9200000000000
12.0500000000000
14.1900000000000
9.47700000000000
18.8000000000000
16.5000000000000
-6.78100000000000
6.62300000000000
63.0300000000000
927.200000000000
20.6700000000000
9.13500000000000
2.47600000000000
5.53000000000000
-0.0682800000000000
20
48.4700000000000
24610
18.5100000000000
-6.79500000000000
10440
15.1300000000000
19.6600000000000
12730
38.8800000000000
-2416
19.9100000000000
2786
17.4500000000000
-6.19700000000000
50.9300000000000
13.8400000000000
26.5100000000000
10970
1847
29.3900000000000
27.4700000000000
-6706
11.2900000000000
29320
-22.1700000000000
123.900000000000
45320
23.0500000000000
26.5200000000000
20.4300000000000
614.400000000000
57210
34.0900000000000
3.36000000000000
0.938900000000000
19.7400000000000
-15.0900000000000
9.74900000000000
6.66700000000000
15.9600000000000
4.60500000000000
3.18400000000000
-65.0500000000000
16770
13.5700000000000
25.2200000000000
-18.8000000000000
10.9000000000000
11.3400000000000
22.1000000000000
220.200000000000
10.6300000000000
18920
29.8200000000000
-11.2000000000000
6.62600000000000
37.4500000000000
-49710
1835
21.0700000000000
71.1000000000000
15.2400000000000
13.5600000000000
6145
-15.4500000000000
-1.25800000000000
-71.2600000000000
33.6200000000000
19.6300000000000
-28.9700000000000
11.6900000000000
-7777
148.400000000000
-3.78000000000000
23.3700000000000
16.4800000000000
17.5400000000000
25.1200000000000
13.4200000000000
17.6300000000000
46.9200000000000
-27.2900000000000
-88.9100000000000
14.1200000000000
7.41900000000000
9.38700000000000
12.9800000000000
20.3500000000000
12.1800000000000
11310
19.3800000000000
-0.0683600000000000
14.5300000000000
16.4300000000000
-1392
11.6800000000000
4.94000000000000
17.8100000000000
6.66700000000000
14.3400000000000
-8.35300000000000
-54.7300000000000
28.4000000000000
36.1800000000000
37.5100000000000
-19.5800000000000
-44700
34230
5.30200000000000
30.5000000000000
12.2400000000000
-8.85900000000000
-62750
-11.2300000000000
23.5400000000000
28.7200000000000
30.5900000000000
29.8900000000000
11.7900000000000
-3.58900000000000
22.7700000000000
80.9000000000000
14.9300000000000
24.7000000000000
3.08900000000000
70.7200000000000
8.18600000000000
25.0900000000000
28.4800000000000
32.3800000000000
-4739
13.3700000000000
64900
22.8000000000000
30.3500000000000
-71.1300000000000
-2465
14.1300000000000
-30420
87.4500000000000
10.1200000000000
17.4500000000000
-2.44400000000000
29.2600000000000
-14.2900000000000
17.3800000000000
13.2100000000000
16.3300000000000
621.100000000000
17.0500000000000
-18.8700000000000
16.5500000000000
18.6100000000000
6608
5.61100000000000
93920
-29.3800000000000
-26930
15.1000000000000
16.3100000000000
21.6700000000000
-3.50500000000000
40.2600000000000
32.3500000000000
-0.798200000000000
35.1700000000000
93600
1972
6.78000000000000
-23.6000000000000
17220
4093
48.2900000000000
6.72400000000000
3470
82140
3.24900000000000
10.1100000000000
15.5200000000000
13
18.0500000000000
-10.7300000000000
20.3300000000000
20.5000000000000
-56230
22.9200000000000
22.3800000000000
4.29600000000000
92.6500000000000
6.82900000000000
-15690
-12.3500000000000
14.7700000000000
-95.4600000000000
11.0100000000000
15.9800000000000
44440
5.64000000000000
14.6500000000000
3668
20.1400000000000
10.2100000000000
12.3100000000000
-3.89000000000000
18.5000000000000
15.4500000000000
26.9900000000000
-7052
16.0700000000000
23.8200000000000
39.8500000000000
14.4800000000000
23.7800000000000
-5539
-53150
30.6300000000000
24.2000000000000
19.7700000000000
14.9000000000000
57410
0.316900000000000
21.5500000000000
19.3500000000000
6.52700000000000
18.3900000000000
28.9800000000000
18390
35.2400000000000
-6.52300000000000
4.98500000000000
-728.900000000000
393.200000000000
54.6300000000000
4.13800000000000
30.2600000000000
5628
21.8500000000000
20290
27220
311.700000000000
31830
12.7000000000000
54.5000000000000
3.07700000000000
16.7700000000000
5.00100000000000
30.2100000000000
5263
12.2900000000000
53.9900000000000
92.4100000000000
15.0400000000000
35.0300000000000
-23.7800000000000
-33.2000000000000
2280
13.6800000000000
30.2900000000000
9.83600000000000
-19100
6.45800000000000
6.31600000000000
-5501
15.8000000000000
203.500000000000
16
13.4000000000000
68.6700000000000
35.4200000000000
20.9000000000000
4.43600000000000
28.3200000000000
-15.0600000000000
12.8600000000000
11.5300000000000
100.300000000000
15.6000000000000
14.4600000000000
-5.82900000000000
-11.3800000000000
14.9800000000000
56.9900000000000
62030
5.86300000000000
21.4700000000000
169.500000000000
33.3400000000000
2.39400000000000
11480
199500
22.9200000000000
-58.0600000000000
-4346
-1494
37.1000000000000
16.2800000000000
31.4500000000000
24.0400000000000
5.44700000000000
3.52600000000000
27.4500000000000
39.9100000000000
24.5200000000000
298.400000000000
31.0100000000000
18
-4.49200000000000
-6.92500000000000
-5.31200000000000
17.4000000000000
-8.78500000000000
27.4400000000000
2.71900000000000
12.8000000000000
16.9200000000000
101.400000000000
14.3800000000000
17.1200000000000
19.3100000000000
-4.90100000000000
4.72900000000000
82400
28.0900000000000
6.65800000000000
50.2900000000000
23.5400000000000
15.3100000000000
76.3900000000000
117200
11.7800000000000
32.7700000000000
-5658
-3.64400000000000
-68970
-71.0700000000000
30.0200000000000
56300
58.7500000000000
-3.35600000000000
26.0600000000000
10.4700000000000
14.9900000000000
12.8100000000000
86.6200000000000
26.2500000000000
-15310
7.50000000000000
8.49600000000000
22.1800000000000
-5.81400000000000
13.9500000000000
-6049
18.1500000000000
7.22300000000000
12.3800000000000
30.2900000000000
5.26000000000000
27.5400000000000
63.8300000000000
-3.95700000000000
40.0300000000000
39.8300000000000
-15.4100000000000
44.9500000000000
53.5200000000000
13430
27.5500000000000
-26530
-70.1700000000000
0.563100000000000
-137.600000000000
-2.96100000000000
15.0200000000000
-7.87000000000000
55190
14.0700000000000
20.2200000000000
-4.81100000000000
44.0500000000000
23.9600000000000
-20.5900000000000
21700
34.5700000000000
112.100000000000
1.99600000000000
13.2600000000000
2.70700000000000
15.7700000000000
-1237
40.9300000000000
-9.13100000000000
-36.6100000000000
-6306
26.7000000000000
32.6500000000000
25.0600000000000
25.9200000000000
14.8900000000000
-24.2600000000000
24.2100000000000
26.2100000000000
15.0100000000000
32.6000000000000
-27.5100000000000
24.8700000000000
16.9300000000000
-19290
17.8500000000000
25350
-31.6500000000000
39.7500000000000
27.0500000000000
34.0300000000000
22.9300000000000
14030
18.9800000000000
2940
35.0700000000000
-174
1.26300000000000
2.95800000000000
6.65300000000000
-58.9000000000000
-328.500000000000
14.1400000000000
1080
16.4900000000000
32.0900000000000
-1711
-0.528700000000000
82.9400000000000
23.5400000000000
31.1700000000000
25.3200000000000
38.0300000000000
18.4500000000000
28.1300000000000
-53.8900000000000
9.91000000000000
28740
-1.42300000000000
9.15100000000000
13.6400000000000
19.1800000000000
9463
29.4300000000000
4.85500000000000
-2.71100000000000
9095
30.2400000000000
43.8700000000000
5350
-85990
65.5000000000000
9.19800000000000
30.6700000000000
39.4000000000000
30.1600000000000
10.7800000000000
27.5500000000000
24110
19.8200000000000
14.3200000000000
-2152
9204
23.4500000000000
25.6200000000000
33.3300000000000
-49.1300000000000
14.2900000000000
28.2100000000000
-2870
24.7100000000000
8.42100000000000
15.0100000000000
1.74900000000000
17.6900000000000
28.1600000000000
3.28200000000000
17.3500000000000
3.14100000000000
3.39100000000000
-12.7100000000000
-10.8600000000000
163100
27.6800000000000
15.7600000000000
113000
1.40400000000000
22.6000000000000
10710
29.6500000000000
52.2800000000000
27.8900000000000
24.3900000000000
15.2700000000000
0.331700000000000
21.1200000000000
152.900000000000
15.0100000000000
388000
-17760
9.60800000000000
-9.38400000000000
23.4500000000000
1.05400000000000
-8.70400000000000
-18.6200000000000
13.0300000000000
-22750
18.2800000000000
959.300000000000
-2350
-58.0300000000000
15
29.1200000000000
14.8700000000000
22.4600000000000
3.85900000000000
10.2300000000000
15.7800000000000
-7074
-5.02600000000000
-48
11.1500000000000
-1.86000000000000
21.7300000000000
31900
17.7600000000000
185
-4714
14.9900000000000
2.94000000000000
-29.1100000000000
16.8900000000000
10.8700000000000
44.0600000000000
23.1200000000000
8.01700000000000
3.12700000000000
17.9700000000000
8.89700000000000
17.0300000000000
-57.6700000000000
1.60800000000000
198.400000000000
-21830
-18.4900000000000
68.1100000000000
38.6200000000000
7677
10.6500000000000
52120
7629
38.9200000000000
110.700000000000
-5.26700000000000
34.4200000000000
8.25600000000000
-35720
17.5100000000000
29.4100000000000
13.6100000000000
37.6700000000000
-0.426300000000000
14.4700000000000
23.3900000000000
24.3900000000000
-1320
39.2100000000000
17.4000000000000
9.98100000000000
18.2800000000000
22.6600000000000
11.7600000000000
16.6600000000000
11.7900000000000
9.78600000000000
25900
-0.582700000000000
5.87900000000000
-90.1900000000000
29.1500000000000
266.400000000000
4.32300000000000
29.2800000000000
46.3400000000000
1.85300000000000
17.6600000000000
34.7300000000000
35.1700000000000
21.9800000000000
55250
9.45300000000000
13300
24.3300000000000
-135.500000000000
14.8700000000000
8.05800000000000
60.5300000000000
36.3000000000000
5.97800000000000
15.6500000000000
27.9100000000000
20.7400000000000
37.1800000000000
-3662
51.3800000000000
14.2500000000000
18.6600000000000
32.6300000000000
13.4600000000000
27.6000000000000
23.7900000000000
71.6900000000000
31.7500000000000
3746
22.8600000000000
10.4200000000000
-12.4700000000000
-15.9400000000000
-46.7600000000000
76.6000000000000
16.7400000000000
460.700000000000
15.0300000000000
23.0500000000000
4.76900000000000
5.77600000000000
6716
26
0.779000000000000
1.62700000000000
101.500000000000
10.8900000000000
27.6100000000000
15.2100000000000
7780
22.3500000000000
6.90300000000000
44.7200000000000
21.4800000000000
228.200000000000
28.7300000000000
48.6800000000000
8.65300000000000
-8.18100000000000
-3970
4913
33.4900000000000
535.700000000000
25120
18.1400000000000
-551500
24.6700000000000
2.02300000000000
17.5100000000000
389.900000000000
17590
30.4600000000000
5.54400000000000
18.2000000000000
7.33000000000000
55.4100000000000
4.97100000000000
22.6200000000000
15
47.4500000000000
14.4000000000000
11.7700000000000
18.0400000000000
-20500
14.7100000000000
24.5900000000000
14.6900000000000
30.2200000000000
-42.2900000000000
-7903
19.3900000000000
25.7500000000000
11.5200000000000
6.53200000000000
40.3600000000000
3259
12.8800000000000
-9.20800000000000
7.07000000000000
23.5700000000000
60.7400000000000
-2337
701.900000000000
-54.2000000000000
29.5000000000000
12
863.800000000000
24.9100000000000
34.7400000000000
29.6500000000000
10.9700000000000
32.2700000000000
152.100000000000
12.4700000000000
30.0800000000000
142.800000000000
4.99400000000000
4.76900000000000
-19.3600000000000
1856
22.1800000000000
28.6400000000000
29.9500000000000
-18.2600000000000
3.33400000000000
21.0700000000000
203.800000000000
27.8200000000000
-14.5700000000000
235.500000000000
24.6700000000000
20
34.5100000000000
24.9100000000000
-2.05800000000000
6.25100000000000
-517.200000000000
-2487
1502
15.1100000000000
10.1800000000000
34.8600000000000
27.3700000000000
2.58900000000000
22.7500000000000
-3.59500000000000
-13.0500000000000
-6.36300000000000
24.3800000000000
18.9400000000000
38.2000000000000
17470
27.6900000000000
12.3200000000000
-1.21200000000000
32.8000000000000
20.8400000000000
2.16500000000000
-15.8800000000000
20.1700000000000
9086
14.8500000000000
13490
22.3400000000000
-1.40300000000000
12.3700000000000
6.61800000000000
259.300000000000
11.0100000000000
-5.43500000000000
-8002
-0.0331700000000000
25.2900000000000
3.06800000000000
3.31300000000000
17.9300000000000
-71.1500000000000
23.0400000000000
31.9300000000000
31.1500000000000
25.4700000000000
25.0900000000000
41050
12.3900000000000
53.4100000000000
15.3100000000000
11.4400000000000
27.7800000000000
4787
107.600000000000
15.0200000000000
-41.0300000000000
25.0600000000000
-328.600000000000
19860
25.2100000000000
24.3100000000000
26.9400000000000
84.1000000000000
5.30500000000000
11.0400000000000
-149
5.55000000000000
-6.80700000000000
-59.6000000000000
-11.0500000000000
18.2100000000000
71.3700000000000
16.7200000000000
22.0500000000000
15.7300000000000
-11.6000000000000
19.1900000000000
16.3700000000000
3039
14.8200000000000
14.8400000000000
40.6100000000000
16110
14.9700000000000
17.0600000000000
-29.5000000000000
2008
5.15600000000000
1.56200000000000
-0.0405600000000000
-0.860300000000000
44.9200000000000
-22.4000000000000
11.4000000000000
20.5800000000000
26.3900000000000
18.5400000000000
37.2900000000000
9018
18420
15.6800000000000
4.92500000000000
23.4500000000000
-16.7700000000000
5.18400000000000
65.4400000000000
24.3900000000000
74.7900000000000
3.79700000000000
2.06100000000000
27.6200000000000
33.8000000000000
27550
174200
8.79200000000000
-13.6000000000000
3.50900000000000
89.2400000000000
2.02100000000000
-13870
17.2800000000000
13.9800000000000
-6203
-21.1600000000000
16.9400000000000
14.9800000000000
50.7000000000000
14.4200000000000
23.8600000000000
47.2600000000000
502.400000000000
15.7100000000000
-70
-6.57100000000000
-26.1700000000000
5.92500000000000
13.8300000000000
13.0800000000000
-33.0100000000000
-61860
24.0200000000000
-19960
22.9700000000000
14020
70.4000000000000
25.7700000000000
22.9100000000000
13.6600000000000
34.6000000000000
10.6600000000000
10390
5.99700000000000
7.65100000000000
-2.10500000000000
21.5500000000000
28.4000000000000
53.9900000000000
7.12000000000000
8.27100000000000
13.9900000000000
1425
10.3100000000000
32.5000000000000
3.88700000000000
56.9800000000000
-0.343500000000000
34.9100000000000
15950
16.6000000000000
15.1800000000000
25.6400000000000
19.6200000000000
16.4300000000000
4.39700000000000
68.3200000000000
24.5000000000000
-4.01600000000000
7.15300000000000
4.56500000000000
2785
19.1000000000000
14.4300000000000
26.8100000000000
7.53900000000000
28.2600000000000
10.8300000000000
21.3200000000000
-13.7100000000000
614.300000000000
13.1900000000000
40.1800000000000
4139
-921.500000000000
18.5900000000000
13.0600000000000
146.500000000000
41.4200000000000
-7.97400000000000
35.9300000000000
57.5000000000000
35.3500000000000
17.5800000000000
26.3100000000000
69.4300000000000
12.5500000000000
51.5000000000000
4394
46.6500000000000
23.4900000000000
19.2500000000000
17.2600000000000
344.600000000000
-20290
14.8500000000000
15.9400000000000
-5239
44.3200000000000
16.3400000000000
-13.0300000000000
36.3000000000000
23.5300000000000
-28.4400000000000
33.1700000000000
1110
18.9800000000000
19.6300000000000
-5.75500000000000
21610
36.8700000000000
-7.94000000000000
4495
-1.31600000000000
-1.20000000000000
11.6600000000000
-55.1600000000000
23.0200000000000
78840
18350
-25.2400000000000
-16220
201.800000000000
-14180
13.0400000000000
7269
-3321
73.3700000000000
12.9100000000000
16.6000000000000
25.3800000000000
13470
109.900000000000
6.86900000000000
39830
26.4700000000000
13.0600000000000
-43.1800000000000
0.238500000000000
11.0900000000000
28.2000000000000
-14.4900000000000
8.05200000000000
28.4300000000000
15.1300000000000
6.19500000000000
14.9900000000000
2849
27.0800000000000
16.8900000000000
29.8000000000000
-43.2600000000000
25.0300000000000
15.1400000000000
20040
100000
53.5900000000000
24.6800000000000
52.2800000000000
1.97700000000000
22.0300000000000
42.9700000000000
17.8300000000000
13.7500000000000
10.5800000000000
43.7900000000000
6.18100000000000
24.6600000000000
28.6900000000000
-31.5400000000000
21.8000000000000
-14.1600000000000
15.9900000000000
8.10100000000000
-72.6400000000000
-2.09800000000000
34.2600000000000
-23.3000000000000
25.4200000000000
24.7400000000000
-114.700000000000
24.3200000000000
-3.49000000000000
70.5800000000000
22.8400000000000
-9.17800000000000
18.0500000000000
24.5400000000000
-33.1400000000000
4.54600000000000
-4.28500000000000
-50.6500000000000
3.34700000000000
26
17.8600000000000
118.200000000000
8.33700000000000
26.1500000000000
15.1200000000000
15.4300000000000
34.4700000000000
44.2600000000000
9.32700000000000
21.8700000000000
15.2400000000000
17.9300000000000
22.9100000000000
15.8100000000000
64.0600000000000
17.9000000000000
13.0700000000000
8159
42.7300000000000
-7333
-252.600000000000
22.9600000000000
18.6000000000000
-6.43000000000000
3842
-22810
86210
24.0300000000000
-48.9900000000000
-20.3900000000000
23.6000000000000
10.0200000000000
23780
-18.1000000000000
-74.8400000000000
500.100000000000
1.06100000000000
18.6400000000000
20.3000000000000
12.0400000000000
29.0400000000000
12.2300000000000
30.5900000000000
7530
24.1000000000000
-45.8300000000000
7.97200000000000
19.1000000000000
49.1700000000000
-5847
15.6800000000000
74620
27.5200000000000
-41.6300000000000
7.41400000000000
79.7800000000000
-7.71900000000000
20.2300000000000
12.9900000000000
74.9200000000000
36470
-73.4500000000000
16.2600000000000
-10.8500000000000
67.7900000000000
32.3700000000000
-226.900000000000
13.5400000000000
35.6300000000000
16.8100000000000
-5.24800000000000
-41.0300000000000
-48330
39.5600000000000
9.65800000000000
29.8900000000000
7.11200000000000
14.9700000000000
50.2900000000000
38440
-1.97000000000000
40.9200000000000
9.15700000000000
22.7100000000000
14.8700000000000
483.900000000000
-9.70000000000000
34080
14.9900000000000
-45.2600000000000
19.2000000000000
68.7300000000000
17.2400000000000
21.7800000000000
36.3900000000000
15.3700000000000
-9.08800000000000
6.10500000000000
2.81300000000000
4.76800000000000
30.6800000000000
34.3000000000000
26.0600000000000
13
-16.6400000000000
34.0900000000000
82.5200000000000
-0.883500000000000
-172.900000000000
-55190
8.16700000000000
-14
-86.1400000000000
13.3000000000000
-57990
-22.0500000000000
25.0500000000000
25.0300000000000
-9.43200000000000
-1.14200000000000
3.80700000000000
14.9800000000000
19.1800000000000
14.4500000000000
6.00400000000000
28.4900000000000
45.3300000000000
21.4500000000000
-9.45200000000000
28.7500000000000
27.3200000000000
27.7100000000000
-4.22800000000000
19.9700000000000
-23.6700000000000
41.9000000000000
1186
-1088
-83.1700000000000
15.8600000000000
2068
-135
-77850
19.9100000000000
41.0400000000000
23.8700000000000
10.8400000000000
52.0700000000000
-243.900000000000
16.3900000000000
75.3700000000000
160.900000000000
6.72500000000000
32.6000000000000
37.8700000000000
30.4700000000000
56.0500000000000
20.1800000000000
13.1700000000000
-3.35300000000000
7.48900000000000
14.4000000000000
15.6100000000000
45.2000000000000
2.94800000000000
35.4000000000000
13.3200000000000
13070
18.6300000000000
104.900000000000
17.7200000000000
12.2000000000000
1.63800000000000
103500
9000
-49650
-74.9200000000000
31.0500000000000
27.1700000000000
-536800
14.5300000000000
34.5100000000000
-22.7600000000000
9492
24.7900000000000
111.200000000000
41.3800000000000
1.17200000000000
17.6700000000000
13.9500000000000
17.8600000000000
13.2400000000000
59.3400000000000
-32.5700000000000
-36.7500000000000
339.200000000000
40.5500000000000
11.2000000000000
-11.4300000000000
1.97100000000000
126.100000000000
6176
6.39000000000000
55.0100000000000
180.200000000000
14.9400000000000
13.0800000000000
15.4300000000000
38.8700000000000
195.700000000000
20.4000000000000
-261.400000000000
11.5200000000000
-69.2000000000000
50.1700000000000
116.700000000000
117.400000000000
12.9200000000000
45.7500000000000
8.16100000000000
71.1400000000000
80.9000000000000
92.8000000000000
1420
33.4500000000000
-8441
1.46600000000000
45.8300000000000
-10.5400000000000
3550
110.500000000000
-31130
12.1100000000000
18.8700000000000
0.851700000000000
30.8200000000000
30.7300000000000
36.7900000000000
-383.300000000000
29.9300000000000
35.5700000000000
38.5500000000000
32
-26940000
34.9000000000000
16.2700000000000
24.9500000000000
16.7600000000000
27.9400000000000
19.7600000000000
87.8800000000000
11.3800000000000
-112.600000000000
29150
-27940
4.65600000000000
302.600000000000
-91330
14.6700000000000
11.8700000000000
15.3400000000000
19.8200000000000
-10.3900000000000
-62320
8.25300000000000
-66090
-104.400000000000
6327
33.7500000000000
334.400000000000
90.0800000000000
-10720
-43150
33.0200000000000
3.06800000000000
46.0900000000000
16.5500000000000
-2.62100000000000
91410
22.9600000000000
-2.51200000000000
5.54700000000000
8.09000000000000
55.2000000000000
-35.3500000000000
38.5100000000000
11.1600000000000
-36490
4.13000000000000
57.6300000000000
24.8500000000000
-133.300000000000
-32.9600000000000
19310
8.70000000000000
27.6600000000000
-13570
19.5900000000000
-1881
14.0200000000000
-13020
-1.22700000000000
9.31700000000000
-7.36800000000000
-3.82600000000000
-1687
42.3100000000000
15.0600000000000
45.1400000000000
77.1000000000000
-15.7200000000000
-19450
23.7500000000000
6.54200000000000
7948
-22380
-57.3000000000000
24.1300000000000
-11120
33.2100000000000
132100
18.0800000000000
17.5900000000000
5.89000000000000
-20.7500000000000
28000
368.600000000000
30.9800000000000
181400
-23.5000000000000
49.9300000000000
20160
283.300000000000
-25800
335.800000000000
64.1300000000000
31.9600000000000
0.461700000000000
32.3500000000000
20.4300000000000
17.2300000000000
2.53600000000000
9.58900000000000
92.8200000000000
3.56100000000000
7.07800000000000
8.45500000000000
3.38800000000000
47.5000000000000
-63.6100000000000
14.9200000000000
17.1300000000000
5.99700000000000
15.0800000000000
22.2600000000000
2.55100000000000
-33.3600000000000
-20.3300000000000
64.2800000000000
25.2400000000000
29.0200000000000
29.1900000000000
118.600000000000
-5.53800000000000
24.3900000000000
202.500000000000
39270
21.6200000000000
4.49800000000000
-11.1300000000000
8.10400000000000
39.8900000000000
-40.3400000000000
20.3400000000000
-4266
11.5900000000000
-29760
-3.42000000000000
14.5800000000000
30.0700000000000
-6.86600000000000
49.8200000000000
4.71500000000000
46.7000000000000
10.4900000000000
40.5700000000000
421.900000000000
72.3900000000000
-10910
-7795
5.78800000000000
-18.8200000000000
-3.72100000000000
-7.79000000000000
69.8200000000000
20.2900000000000
6.05000000000000
-528.900000000000
-0.861400000000000
-9.71800000000000
-16.3600000000000
22.8300000000000
-9.15600000000000
-32.3800000000000
-104.300000000000
36
32.1700000000000
-14.7800000000000
1.28000000000000
4.78800000000000
25.4300000000000
-11.8700000000000
31.4700000000000
12.2100000000000
-133.800000000000
20.8400000000000
13.0300000000000
8.51000000000000
4.69000000000000