0.820500
-47190.000000
-11.270000
-6.505000
-4611.000000
-34.680000
-5.052000
-8423.000000
87.280000
-15480.000000
-14510.000000
2881.000000
-71.070000
-9612.000000
22.940000
39160.000000
10.610000
50300.000000
194100.000000
-54710.000000
44420.000000
44.900000
17.350000
53.180000
61.610000
53.870000
-1404.000000
40.870000
95.120000
4.055000
47.320000
49.090000
-165.700000
-21220.000000
60.030000
-114300.000000
12210.000000
38.970000
-72740.000000
-3.604000
30.390000
26.450000
73.030000
5023.000000
48.350000
-14.560000
2.818000
-461.100000
38.420000
60.390000
13.270000
-36000.000000
57.430000
4104.000000
-70410.000000
44.980000
9.161000
-3.671000
53.760000
29.510000
-686700.000000
38.980000
29.930000
39.630000
-67710.000000
30.950000
30.140000
-298.700000
-99550.000000
12.110000
-58.720000
-49990.000000
31.330000
11000.000000
22.980000
-9053.000000
40.400000
1516.000000
21.260000
-6467.000000
15.700000
142.700000
34.060000
31.870000
24.720000
18.160000
30.170000
10.760000
70.430000
-68300.000000
9.450000
21.510000
25.800000
24.680000
-28950.000000
1.002000
-86.860000
8.618000
21.910000
17.270000
-3.483000
-20700.000000
95.780000
-89.340000
-21850.000000
6.647000
21.430000
-172200.000000
24.180000
-124.600000
-523100.000000
-1388000.000000
33500.000000
-39790.000000
-73.980000
43.120000
53.280000
10.680000
18.900000
41.860000
-0.275500
-193.800000
255.800000
91520.000000
149.100000
32.090000
30.420000
61.450000
-7398.000000
27.290000
217500.000000
26.830000
6178.000000
-14530.000000
37.590000
102.500000
76.370000
43.840000
36.820000
33.850000
40.460000
34390.000000
29.770000
39.920000
28.200000
-63810.000000
15.760000
79970.000000
19.130000
66.100000
9.992000
60.410000
36.270000
73.030000
5023.000000
48.350000
-14.560000
2.818000
-461.100000
38.420000
60.390000
13.270000
-36000.000000
57.430000
4104.000000
-70410.000000
44.980000
9.161000
-3.671000
53.760000
29.510000
-686700.000000
38.980000
29.930000
39.630000
-67710.000000
30.950000
30.140000
-298.700000
-99550.000000
12.110000
-58.720000
-49990.000000
31.330000
11000.000000
22.980000
-9053.000000
40.400000
1516.000000
21.260000
-6467.000000
15.700000
142.700000
34.060000
31.870000
24.720000
18.160000
30.170000
10.760000
70.430000
-68300.000000
9.450000
21.510000
25.800000
24.680000
-28950.000000
1.002000
-86.860000
8.618000
21.910000
17.270000
-3.483000
-20700.000000
95.780000
-89.340000
-21850.000000
6.647000
21.430000
-172200.000000
24.180000
-124.600000
-523100.000000
-1388000.000000
33500.000000
-39790.000000
-73.980000
43.120000
53.280000
10.680000
18.900000
41.860000
-0.275500
-193.800000
255.800000
91520.000000
149.100000
32.090000
30.420000
61.450000
-7398.000000
27.290000
217500.000000
26.830000
6178.000000
-14530.000000
37.590000
102.500000
76.370000
43.840000
36.820000
33.850000
40.460000
34390.000000
29.770000
39.920000
28.200000
-63810.000000
15.760000
79970.000000
19.130000
66.100000
9.992000
60.410000
36.270000