8.993000
67690.000000
101.100000
-5.475000
4145.000000
23.080000
3.877000
11070.000000
144.300000
29390.000000
-10490.000000
-15540.000000
6.674000
14250.000000
-17.230000
4456.000000
13.350000
13030.000000
67940.000000
20750.000000
-8508.000000
134.700000
-88.640000
142.300000
143.200000
136.600000
-18900.000000
113.200000
-18.980000
80.920000
109.200000
66.400000
2505.000000
139600.000000
74.960000
-164800.000000
-129700.000000
122.500000
69230.000000
156.200000
150.200000
153.000000
124.100000
8331.000000
10.040000
140.600000
131.600000
563.300000
136.900000
136.800000
122.100000
-4816.000000
165.300000
-2246.000000
209100.000000
128.700000
152.400000
114.200000
165.700000
144.500000
769100.000000
161.400000
149.900000
138.600000
11970.000000
146.000000
141.700000
535.600000
162400.000000
14.820000
163.400000
131500.000000
143.400000
29670.000000
166.000000
6754.000000
143.100000
150500.000000
144.600000
24190.000000
157.000000
270.600000
156.000000
149.700000
141.600000
143.100000
149.700000
165.000000
144.100000
155000.000000
135.300000
153.200000
140.600000
153.700000
67270.000000
155.200000
251.200000
137.000000
145.000000
148.500000
154.400000
41480.000000
35250.000000
221.900000
47590.000000
132.200000
157.000000
102300.000000
149.800000
171.800000
586500.000000
860100.000000
200600.000000
141700.000000
192.200000
148.700000
142.500000
148.400000
151.500000
148.600000
135.000000
498.400000
125.700000
86200.000000
149.300000
135.800000
155.800000
96.300000
5096.000000
126.700000
179900.000000
155.800000
-10070.000000
17130.000000
152.700000
113.300000
120.500000
107.000000
145.200000
126.300000
142.600000
98700.000000
126.700000
150.300000
142.900000
-2075.000000
152.300000
-37430.000000
147.200000
140.700000
98.070000
168.100000
118.900000
124.100000
8331.000000
10.040000
140.600000
131.600000
563.300000
136.900000
136.800000
122.100000
-4816.000000
165.300000
-2246.000000
209100.000000
128.700000
152.400000
114.200000
165.700000
144.500000
769100.000000
161.400000
149.900000
138.600000
11970.000000
146.000000
141.700000
535.600000
162400.000000
14.820000
163.400000
131500.000000
143.400000
29670.000000
166.000000
6754.000000
143.100000
150500.000000
144.600000
24190.000000
157.000000
270.600000
156.000000
149.700000
141.600000
143.100000
149.700000
165.000000
144.100000
155000.000000
135.300000
153.200000
140.600000
153.700000
67270.000000
155.200000
251.200000
137.000000
145.000000
148.500000
154.400000
41480.000000
35250.000000
221.900000
47590.000000
132.200000
157.000000
102300.000000
149.800000
171.800000
586500.000000
860100.000000
200600.000000
141700.000000
192.200000
148.700000
142.500000
148.400000
151.500000
148.600000
135.000000
498.400000
125.700000
86200.000000
149.300000
135.800000
155.800000
96.300000
5096.000000
126.700000
179900.000000
155.800000
-10070.000000
17130.000000
152.700000
113.300000
120.500000
107.000000
145.200000
126.300000
142.600000
98700.000000
126.700000
150.300000
142.900000
-2075.000000
152.300000
-37430.000000
147.200000
140.700000
98.070000
168.100000
118.900000