3.883000
-43880.000000
-142.800000
3.060000
-12300.000000
27.460000
9.063000
-50980.000000
32.110000
-36790.000000
15680.000000
-21010.000000
-9.402000
-12980.000000
-57.480000
9761.000000
-26.040000
14700.000000
72780.000000
110000.000000
89800.000000
21.140000
-179.700000
33.150000
51.290000
49.560000
23170.000000
-46.960000
833.100000
13.180000
-109.700000
2.806000
-3772.000000
-241000.000000
14.980000
164700.000000
-3212.000000
-49.460000
-55770.000000
27.380000
14.840000
15.940000
21.110000
8.432000
-1.087000
28.880000
31.930000
100.300000
47.290000
12.790000
27.460000
26700.000000
42.020000
9535.000000
-36320.000000
36.480000
23.460000
38.480000
15.510000
22.960000
-60550.000000
-6.973000
15.050000
30.450000
-16750.000000
6.120000
15.030000
61.930000
-90550.000000
-6.906000
100.800000
-43330.000000
15.280000
-32190.000000
15.400000
1801.000000
146.600000
129300.000000
17.690000
16830.000000
2.354000
112.900000
29.360000
-13.570000
19.750000
17.600000
15.040000
19.620000
-37.940000
-59360.000000
26.460000
12.030000
43.920000
16.470000
-23470.000000
26.200000
38.290000
55.330000
17.940000
18.870000
29.930000
-6145.000000
16810.000000
41.040000
-10440.000000
47.760000
13.980000
29750.000000
16.990000
54.780000
-416200.000000
-354200.000000
-400400.000000
-48540.000000
46.270000
11.870000
9.880000
-20.560000
19.420000
10.740000
35.300000
-296.100000
-72.140000
-8425.000000
79.710000
30.350000
33.210000
35.570000
9821.000000
14.870000
189400.000000
16.830000
23200.000000
25150.000000
12.790000
-2.008000
15.600000
16.010000
35.630000
20.980000
16.920000
39160.000000
21.970000
10.630000
14.530000
49140.000000
19.470000
-42210.000000
23.740000
3.293000
14.410000
0.880600
5.275000
21.110000
8.432000
-1.087000
28.880000
31.930000
100.300000
47.290000
12.790000
27.460000
26700.000000
42.020000
9535.000000
-36320.000000
36.480000
23.460000
38.480000
15.510000
22.960000
-60550.000000
-6.973000
15.050000
30.450000
-16750.000000
6.120000
15.030000
61.930000
-90550.000000
-6.906000
100.800000
-43330.000000
15.280000
-32190.000000
15.400000
1801.000000
146.600000
129300.000000
17.690000
16830.000000
2.354000
112.900000
29.360000
-13.570000
19.750000
17.600000
15.040000
19.620000
-37.940000
-59360.000000
26.460000
12.030000
43.920000
16.470000
-23470.000000
26.200000
38.290000
55.330000
17.940000
18.870000
29.930000
-6145.000000
16810.000000
41.040000
-10440.000000
47.760000
13.980000
29750.000000
16.990000
54.780000
-416200.000000
-354200.000000
-400400.000000
-48540.000000
46.270000
11.870000
9.880000
-20.560000
19.420000
10.740000
35.300000
-296.100000
-72.140000
-8425.000000
79.710000
30.350000
33.210000
35.570000
9821.000000
14.870000
189400.000000
16.830000
23200.000000
25150.000000
12.790000
-2.008000
15.600000
16.010000
35.630000
20.980000
16.920000
39160.000000
21.970000
10.630000
14.530000
49140.000000
19.470000
-42210.000000
23.740000
3.293000
14.410000
0.880600
5.275000